NACA 4412                                       
 Alfa =   4.90000 Re =    20000.000 Xflap,Yflap =     0.000000    0.000000
#    x        y        Cp  
   1.00000  0.00126 -0.31692
   0.99392  0.00292 -0.31699
   0.98333  0.00577 -0.31711
   0.97098  0.00904 -0.31723
   0.95718  0.01262 -0.31735
   0.94237  0.01638 -0.31747
   0.92696  0.02021 -0.31758
   0.91123  0.02403 -0.31769
   0.89533  0.02780 -0.31779
   0.87933  0.03149 -0.31788
   0.86327  0.03511 -0.31798
   0.84718  0.03864 -0.31806
   0.83106  0.04208 -0.31815
   0.81492  0.04544 -0.31824
   0.79875  0.04870 -0.31833
   0.78258  0.05188 -0.31843
   0.76638  0.05496 -0.31853
   0.75017  0.05796 -0.31864
   0.73395  0.06086 -0.31876
   0.71772  0.06368 -0.31890
   0.70148  0.06640 -0.31905
   0.68523  0.06902 -0.31923
   0.66898  0.07155 -0.31944
   0.65272  0.07398 -0.31969
   0.63645  0.07632 -0.31998
   0.62019  0.07855 -0.32033
   0.60392  0.08069 -0.32074
   0.58766  0.08272 -0.32125
   0.57140  0.08465 -0.32186
   0.55514  0.08647 -0.32260
   0.53889  0.08818 -0.32351
   0.52265  0.08978 -0.32463
   0.50642  0.09127 -0.32599
   0.49021  0.09264 -0.32768
   0.47402  0.09390 -0.32977
   0.45785  0.09503 -0.33235
   0.44172  0.09603 -0.33557
   0.42564  0.09690 -0.33958
   0.40965  0.09765 -0.34460
   0.39382  0.09824 -0.35086
   0.37817  0.09865 -0.35874
   0.36263  0.09885 -0.36863
   0.34716  0.09884 -0.38083
   0.33174  0.09863 -0.39546
   0.31639  0.09821 -0.41237
   0.30109  0.09757 -0.43198
   0.28586  0.09672 -0.45402
   0.27069  0.09564 -0.47766
   0.25561  0.09433 -0.50169
   0.24061  0.09280 -0.52511
   0.22571  0.09103 -0.54681
   0.21092  0.08902 -0.56617
   0.19626  0.08678 -0.58262
   0.18175  0.08429 -0.59586
   0.16741  0.08155 -0.60583
   0.15327  0.07856 -0.61193
   0.13937  0.07533 -0.61443
   0.12576  0.07185 -0.61297
   0.11254  0.06815 -0.60750
   0.09978  0.06426 -0.59775
   0.08762  0.06020 -0.58367
   0.07622  0.05606 -0.56528
   0.06572  0.05190 -0.54226
   0.05625  0.04782 -0.51494
   0.04786  0.04389 -0.48377
   0.04055  0.04017 -0.44849
   0.03423  0.03668 -0.40939
   0.02879  0.03343 -0.36648
   0.02411  0.03040 -0.31950
   0.02008  0.02756 -0.26734
   0.01660  0.02489 -0.20979
   0.01357  0.02236 -0.14562
   0.01095  0.01995 -0.07456
   0.00867  0.01764  0.00566
   0.00671  0.01541  0.09588
   0.00502  0.01324  0.19666
   0.00360  0.01113  0.30737
   0.00242  0.00906  0.42766
   0.00148  0.00703  0.55549
   0.00077  0.00504  0.68438
   0.00029  0.00309  0.80395
   0.00004  0.00120  0.90317
   0.00001 -0.00064  0.97054
   0.00020 -0.00249  0.99963
   0.00065 -0.00436  0.98026
   0.00137 -0.00623  0.90965
   0.00239 -0.00805  0.79975
   0.00369 -0.00980  0.66875
   0.00527 -0.01148  0.53543
   0.00712 -0.01307  0.41232
   0.00925 -0.01459  0.30486
   0.01167 -0.01603  0.21308
   0.01438 -0.01741  0.13747
   0.01744 -0.01873  0.07568
   0.02087 -0.02000  0.02567
   0.02476 -0.02123 -0.01475
   0.02916 -0.02242 -0.04672
   0.03419 -0.02357 -0.07149
   0.03998 -0.02467 -0.09031
   0.04667 -0.02572 -0.10371
   0.05445 -0.02670 -0.11230
   0.06345 -0.02758 -0.11637
   0.07377 -0.02833 -0.11665
   0.08543 -0.02891 -0.11376
   0.09832 -0.02929 -0.10824
   0.11223 -0.02947 -0.10104
   0.12696 -0.02945 -0.09263
   0.14228 -0.02924 -0.08368
   0.15806 -0.02887 -0.07463
   0.17418 -0.02837 -0.06562
   0.19056 -0.02776 -0.05699
   0.20714 -0.02707 -0.04881
   0.22389 -0.02630 -0.04108
   0.24078 -0.02549 -0.03397
   0.25777 -0.02465 -0.02747
   0.27484 -0.02379 -0.02165
   0.29194 -0.02292 -0.01658
   0.30901 -0.02207 -0.01219
   0.32603 -0.02124 -0.00867
   0.34301 -0.02043 -0.00596
   0.35994 -0.01967 -0.00418
   0.37686 -0.01894 -0.00338
   0.39378 -0.01827 -0.00377
   0.41076 -0.01762 -0.00544
   0.42781 -0.01697 -0.00712
   0.44491 -0.01629 -0.00882
   0.46204 -0.01560 -0.01044
   0.47921 -0.01490 -0.01205
   0.49639 -0.01420 -0.01360
   0.51357 -0.01350 -0.01511
   0.53074 -0.01280 -0.01667
   0.54790 -0.01211 -0.01830
   0.56503 -0.01143 -0.01999
   0.58215 -0.01076 -0.02181
   0.59926 -0.01011 -0.02382
   0.61635 -0.00947 -0.02599
   0.63342 -0.00885 -0.02844
   0.65049 -0.00825 -0.03113
   0.66755 -0.00768 -0.03414
   0.68459 -0.00712 -0.03750
   0.70164 -0.00659 -0.04121
   0.71867 -0.00608 -0.04538
   0.73570 -0.00560 -0.04999
   0.75273 -0.00514 -0.05514
   0.76976 -0.00471 -0.06083
   0.78678 -0.00431 -0.06720
   0.80381 -0.00393 -0.07427
   0.82084 -0.00357 -0.08218
   0.83786 -0.00324 -0.09100
   0.85489 -0.00294 -0.10097
   0.87190 -0.00266 -0.11214
   0.88889 -0.00241 -0.12482
   0.90581 -0.00218 -0.13936
   0.92258 -0.00197 -0.15606
   0.93902 -0.00179 -0.17539
   0.95483 -0.00163 -0.19775
   0.96953 -0.00150 -0.22325
   0.98258 -0.00139 -0.25220
   0.99368 -0.00131 -0.28375
   1.00000 -0.00126 -0.31692
