#    s        x        y     Ue/Vinf    Dstar     Theta      Cf       H
   0.00000  1.00000  0.00126  0.98958  0.053616  0.015379  0.000065     3.486
   0.00630  0.99392  0.00292  0.99241  0.052801  0.015139  0.000066     3.488
   0.01727  0.98333  0.00577  0.99753  0.051354  0.014717  0.000067     3.489
   0.03004  0.97098  0.00904  1.00382  0.049735  0.014217  0.000068     3.498
   0.04430  0.95718  0.01262  1.01130  0.048029  0.013647  0.000066     3.519
   0.05958  0.94237  0.01638  1.01990  0.046331  0.013021  0.000059     3.558
   0.07546  0.92696  0.02021  1.02957  0.044706  0.012352  0.000046     3.619
   0.09164  0.91123  0.02403  1.04031  0.043194  0.011647  0.000025     3.709
   0.10799  0.89533  0.02780  1.05217  0.041812  0.010909 -0.000003     3.833
   0.12441  0.87933  0.03149  1.06517  0.040562  0.010145 -0.000038     3.998
   0.14087  0.86327  0.03511  1.07931  0.039443  0.009360 -0.000079     4.214
   0.15734  0.84718  0.03864  1.09462  0.038444  0.008560 -0.000121     4.491
   0.17383  0.83106  0.04208  1.11117  0.037552  0.007746 -0.000160     4.848
   0.19032  0.81492  0.04544  1.12911  0.036749  0.006916 -0.000190     5.313
   0.20680  0.79875  0.04870  1.14869  0.036011  0.006068 -0.000216     5.935
   0.22329  0.78258  0.05188  1.17054  0.035300  0.005183 -0.000245     6.810
   0.23978  0.76638  0.05496  1.19523  0.034572  0.004256 -0.000291     8.124
   0.25626  0.75017  0.05796  1.22390  0.033757  0.003262 -0.000329    10.348
   0.27274  0.73395  0.06086  1.25992  0.032694  0.002120 -0.000349    15.425
   0.28921  0.71772  0.06368  1.26033  0.032097  0.002111 -0.000574    15.207
   0.30568  0.70148  0.06640  1.26090  0.031281  0.002098 -0.000579    14.913
   0.32214  0.68523  0.06902  1.26143  0.030315  0.002086 -0.000583    14.534
   0.33859  0.66898  0.07155  1.26195  0.029241  0.002075 -0.000588    14.093
   0.35503  0.65272  0.07398  1.26246  0.028083  0.002065 -0.000592    13.601
   0.37146  0.63645  0.07632  1.26298  0.026859  0.002055 -0.000597    13.072
   0.38788  0.62019  0.07855  1.26352  0.025584  0.002045 -0.000603    12.512
   0.40429  0.60392  0.08069  1.26410  0.024274  0.002035 -0.000608    11.930
   0.42068  0.58766  0.08272  1.26473  0.022935  0.002024 -0.000615    11.332
   0.43705  0.57140  0.08465  1.26543  0.021580  0.002012 -0.000623    10.723
   0.45341  0.55514  0.08647  1.26623  0.020216  0.002000 -0.000632    10.108
   0.46975  0.53889  0.08818  1.26715  0.018852  0.001986 -0.000642     9.492
   0.48606  0.52265  0.08978  1.26822  0.017496  0.001971 -0.000655     8.878
   0.50236  0.50642  0.09127  1.26949  0.016156  0.001953 -0.000670     8.271
   0.51863  0.49021  0.09264  1.27101  0.014840  0.001934 -0.000690     7.675
   0.53487  0.47402  0.09390  1.27284  0.013555  0.001911 -0.000714     7.093
   0.55108  0.45785  0.09503  1.27508  0.012306  0.001885 -0.000745     6.527
   0.56725  0.44172  0.09603  1.27783  0.011104  0.001856 -0.000785     5.983
   0.58335  0.42564  0.09690  1.28123  0.009953  0.001822 -0.000820     5.462
   0.59935  0.40965  0.09765  1.28544  0.008864  0.001783 -0.000819     4.970
   0.61519  0.39382  0.09824  1.29060  0.007837  0.001740 -0.000706     4.505
   0.63085  0.37817  0.09865  1.29673  0.006938  0.001691 -0.000401     4.103
   0.64639  0.36263  0.09885  1.30378  0.006168  0.001638  0.000125     3.765
   0.66187  0.34716  0.09884  1.31190  0.005517  0.001580  0.000840     3.492
   0.67728  0.33174  0.09863  1.32086  0.004975  0.001518  0.001684     3.278
   0.69264  0.31639  0.09821  1.33018  0.004525  0.001454  0.002598     3.112
   0.70795  0.30109  0.09757  1.33937  0.004154  0.001391  0.003529     2.985
   0.72321  0.28586  0.09672  1.34806  0.003843  0.001331  0.004447     2.887
   0.73841  0.27069  0.09564  1.35602  0.003579  0.001274  0.005346     2.810
   0.75355  0.25561  0.09433  1.36306  0.003353  0.001219  0.006201     2.750
   0.76863  0.24061  0.09280  1.36921  0.003153  0.001167  0.007044     2.702
   0.78363  0.22571  0.09103  1.37433  0.002976  0.001117  0.007849     2.663
   0.79855  0.21092  0.08902  1.37852  0.002815  0.001070  0.008646     2.631
   0.81339  0.19626  0.08678  1.38174  0.002665  0.001023  0.009435     2.605
   0.82811  0.18175  0.08429  1.38396  0.002527  0.000978  0.010214     2.584
   0.84271  0.16741  0.08155  1.38529  0.002394  0.000933  0.011023     2.565
   0.85717  0.15327  0.07856  1.38558  0.002268  0.000889  0.011833     2.550
   0.87144  0.13937  0.07533  1.38495  0.002145  0.000846  0.012700     2.536
   0.88548  0.12576  0.07185  1.38322  0.002026  0.000802  0.013583     2.526
   0.89921  0.11254  0.06815  1.38048  0.001909  0.000759  0.014526     2.517
   0.91255  0.09978  0.06426  1.37673  0.001793  0.000715  0.015571     2.508
   0.92536  0.08762  0.06020  1.37182  0.001679  0.000671  0.016687     2.501
   0.93750  0.07622  0.05606  1.36583  0.001567  0.000628  0.017915     2.495
   0.94879  0.06572  0.05190  1.35879  0.001458  0.000586  0.019291     2.489
   0.95911  0.05625  0.04782  1.35066  0.001352  0.000545  0.020825     2.482
   0.96837  0.04786  0.04389  1.34140  0.001252  0.000506  0.022471     2.476
   0.97657  0.04055  0.04017  1.33116  0.001157  0.000469  0.024338     2.469
   0.98379  0.03423  0.03668  1.31964  0.001068  0.000434  0.026321     2.461
   0.99012  0.02879  0.03343  1.30689  0.000985  0.000402  0.028529     2.452
   0.99570  0.02411  0.03040  1.29251  0.000908  0.000372  0.030957     2.442
   1.00063  0.02008  0.02756  1.27610  0.000836  0.000344  0.033587     2.430
   1.00502  0.01660  0.02489  1.25722  0.000768  0.000318  0.036415     2.419
   1.00896  0.01357  0.02236  1.23531  0.000705  0.000293  0.039504     2.405
   1.01253  0.01095  0.01995  1.20950  0.000646  0.000270  0.042907     2.389
   1.01577  0.00867  0.01764  1.17865  0.000592  0.000249  0.046253     2.376
   1.01874  0.00671  0.01541  1.14195  0.000540  0.000229  0.050001     2.358
   1.02149  0.00502  0.01324  1.09727  0.000493  0.000210  0.053470     2.342
   1.02404  0.00360  0.01113  1.04314  0.000449  0.000193  0.056765     2.323
   1.02642  0.00242  0.00906  0.97695  0.000410  0.000178  0.059387     2.303
   1.02866  0.00148  0.00703  0.89709  0.000376  0.000164  0.060022     2.291
   1.03077  0.00077  0.00504  0.80211  0.000346  0.000152  0.059632     2.269
   1.03277  0.00029  0.00309  0.68950  0.000323  0.000143  0.055581     2.255
   1.03468  0.00004  0.00120  0.56306  0.000307  0.000136  0.048193     2.246
   1.03651  0.00001 -0.00064  0.42619  0.000294  0.000131  0.038303     2.239
   1.03838  0.00020 -0.00249  0.27268  0.000287  0.000129  0.025357     2.227
   1.04030  0.00065 -0.00436  0.10918  0.000290  0.000130  0.009958     2.230
   1.04230  0.00137 -0.00623 -0.05738  0.000290  0.000130  0.005331     2.230
   1.04439  0.00239 -0.00805 -0.21752  0.000309  0.000138  0.018694     2.238
   1.04657  0.00369 -0.00980 -0.35853  0.000336  0.000149  0.028021     2.249
   1.04888  0.00527 -0.01148 -0.47855  0.000368  0.000163  0.033722     2.261
   1.05132  0.00712 -0.01307 -0.57807  0.000408  0.000179  0.036188     2.279
   1.05393  0.00925 -0.01459 -0.65886  0.000454  0.000198  0.036439     2.296
   1.05675  0.01167 -0.01603 -0.72425  0.000506  0.000219  0.035376     2.313
   1.05979  0.01438 -0.01741 -0.77709  0.000563  0.000242  0.033466     2.331
   1.06312  0.01744 -0.01873 -0.81998  0.000627  0.000267  0.031221     2.349
   1.06679  0.02087 -0.02000 -0.85500  0.000696  0.000294  0.028811     2.366
   1.07086  0.02476 -0.02123 -0.88369  0.000772  0.000324  0.026389     2.384
   1.07542  0.02916 -0.02242 -0.90718  0.000856  0.000356  0.024000     2.402
   1.08058  0.03419 -0.02357 -0.92634  0.000948  0.000392  0.021707     2.420
   1.08647  0.03998 -0.02467 -0.94194  0.001051  0.000431  0.019566     2.438
   1.09325  0.04667 -0.02572 -0.95445  0.001165  0.000474  0.017549     2.456
   1.10108  0.05445 -0.02670 -0.96419  0.001293  0.000522  0.015663     2.475
   1.11013  0.06345 -0.02758 -0.97123  0.001437  0.000576  0.013888     2.496
   1.12048  0.07377 -0.02833 -0.97598  0.001594  0.000634  0.012317     2.515
   1.13215  0.08543 -0.02891 -0.97872  0.001765  0.000696  0.010929     2.534
   1.14504  0.09832 -0.02929 -0.97961  0.001948  0.000762  0.009686     2.555
   1.15896  0.11223 -0.02947 -0.97910  0.002138  0.000831  0.008631     2.574
   1.17368  0.12696 -0.02945 -0.97755  0.002333  0.000900  0.007739     2.592
   1.18901  0.14228 -0.02924 -0.97520  0.002531  0.000969  0.006967     2.611
   1.20480  0.15806 -0.02887 -0.97249  0.002724  0.001037  0.006347     2.625
   1.22092  0.17418 -0.02837 -0.96939  0.002919  0.001105  0.005792     2.642
   1.23731  0.19056 -0.02776 -0.96623  0.003108  0.001171  0.005343     2.654
   1.25391  0.20714 -0.02707 -0.96304  0.003293  0.001236  0.004960     2.665
   1.27067  0.22389 -0.02630 -0.95989  0.003473  0.001298  0.004633     2.675
   1.28758  0.24078 -0.02549 -0.95689  0.003645  0.001359  0.004365     2.681
   1.30460  0.25777 -0.02465 -0.95404  0.003810  0.001418  0.004140     2.686
   1.32169  0.27484 -0.02379 -0.95141  0.003966  0.001475  0.003954     2.689
   1.33881  0.29194 -0.02292 -0.94907  0.004109  0.001529  0.003815     2.687
   1.35590  0.30901 -0.02207 -0.94699  0.004242  0.001581  0.003704     2.683
   1.37294  0.32603 -0.02124 -0.94526  0.004361  0.001630  0.003629     2.676
   1.38994  0.34301 -0.02043 -0.94391  0.004463  0.001675  0.003591     2.664
   1.40689  0.35994 -0.01967 -0.94298  0.004548  0.001717  0.003585     2.649
   1.42382  0.37686 -0.01894 -0.94255  0.004613  0.001755  0.003619     2.629
   1.44075  0.39378 -0.01827 -0.94275  0.004652  0.001788  0.003703     2.602
   1.45775  0.41076 -0.01762 -0.94369  0.004665  0.001816  0.003836     2.569
   1.47481  0.42781 -0.01697 -0.94439  0.004715  0.001847  0.003865     2.553
   1.49192  0.44491 -0.01629 -0.94493  0.004784  0.001879  0.003841     2.546
   1.50907  0.46204 -0.01560 -0.94527  0.004868  0.001912  0.003779     2.546
   1.52625  0.47921 -0.01490 -0.94549  0.004959  0.001946  0.003702     2.548
   1.54344  0.49639 -0.01420 -0.94557  0.005054  0.001981  0.003616     2.552
   1.56064  0.51357 -0.01350 -0.94554  0.005153  0.002015  0.003526     2.557
   1.57783  0.53074 -0.01280 -0.94547  0.005250  0.002049  0.003443     2.562
   1.59499  0.54790 -0.01211 -0.94537  0.005344  0.002083  0.003368     2.566
   1.61214  0.56503 -0.01143 -0.94525  0.005437  0.002116  0.003297     2.569
   1.62928  0.58215 -0.01076 -0.94513  0.005526  0.002149  0.003234     2.572
   1.64639  0.59926 -0.01011 -0.94504  0.005610  0.002181  0.003181     2.573
   1.66350  0.61635 -0.00947 -0.94497  0.005691  0.002211  0.003134     2.573
   1.68058  0.63342 -0.00885 -0.94498  0.005764  0.002241  0.003100     2.572
   1.69766  0.65049 -0.00825 -0.94504  0.005833  0.002270  0.003071     2.570
   1.71473  0.66755 -0.00768 -0.94517  0.005896  0.002298  0.003051     2.566
   1.73178  0.68459 -0.00712 -0.94540  0.005953  0.002324  0.003038     2.561
   1.74883  0.70164 -0.00659 -0.94570  0.006006  0.002350  0.003031     2.556
   1.76588  0.71867 -0.00608 -0.94612  0.006050  0.002374  0.003035     2.549
   1.78292  0.73570 -0.00560 -0.94664  0.006090  0.002397  0.003042     2.541
   1.79995  0.75273 -0.00514 -0.94729  0.006123  0.002418  0.003058     2.532
   1.81698  0.76976 -0.00471 -0.94805  0.006151  0.002439  0.003078     2.522
   1.83401  0.78678 -0.00431 -0.94896  0.006172  0.002457  0.003107     2.511
   1.85104  0.80381 -0.00393 -0.95000  0.006187  0.002475  0.003142     2.500
   1.86807  0.82084 -0.00357 -0.95122  0.006193  0.002490  0.003186     2.487
   1.88510  0.83786 -0.00324 -0.95260  0.006195  0.002504  0.003235     2.474
   1.90213  0.85489 -0.00294 -0.95421  0.006185  0.002516  0.003298     2.459
   1.91914  0.87190 -0.00266 -0.95601  0.006171  0.002526  0.003365     2.443
   1.93613  0.88889 -0.00241 -0.95806  0.006146  0.002533  0.003446     2.426
   1.95305  0.90581 -0.00218 -0.96043  0.006108  0.002538  0.003543     2.407
   1.96983  0.92258 -0.00197 -0.96313  0.006059  0.002539  0.003658     2.386
   1.98627  0.93902 -0.00179 -0.96624  0.005993  0.002536  0.003796     2.363
   2.00209  0.95483 -0.00163 -0.96981  0.005908  0.002528  0.003965     2.337
   2.01678  0.96953 -0.00150 -0.97382  0.005805  0.002515  0.004166     2.308
   2.02984  0.98258 -0.00139 -0.97839  0.005673  0.002494  0.004419     2.275
   2.04093  0.99368 -0.00131 -0.98325  0.005528  0.002468  0.004706     2.240
   2.04725  1.00000 -0.00126 -0.98958  0.005278  0.002418  0.005220     2.183
   2.04725  1.00010 -0.00001  0.98958  0.061368  0.017796  0.000000     3.448
   2.05356  1.00636 -0.00081  0.98579  0.060663  0.018169  0.000000     3.339
   2.06096  1.01371 -0.00162  0.98152  0.059602  0.018589  0.000000     3.206
   2.06964  1.02234 -0.00249  0.97686  0.058291  0.019049  0.000000     3.060
   2.07981  1.03247 -0.00345  0.97187  0.056707  0.019541  0.000000     2.902
   2.09174  1.04436 -0.00449  0.96670  0.054827  0.020050  0.000000     2.735
   2.10574  1.05831 -0.00562  0.96155  0.052634  0.020553  0.000000     2.561
   2.12215  1.07467 -0.00684  0.95673  0.050124  0.021020  0.000000     2.385
   2.14139  1.09387 -0.00816  0.95262  0.047316  0.021414  0.000000     2.210
   2.16396  1.11639 -0.00956  0.94962  0.044263  0.021693  0.000000     2.040
   2.19042  1.14281 -0.01105  0.94815  0.041055  0.021827  0.000000     1.881
   2.22145  1.17381 -0.01261  0.94848  0.037813  0.021798  0.000000     1.735
   2.25784  1.21017 -0.01421  0.95064  0.034678  0.021617  0.000000     1.604
   2.30052  1.25281 -0.01582  0.95438  0.031779  0.021317  0.000000     1.491
   2.35057  1.30283 -0.01741  0.95921  0.029209  0.020950  0.000000     1.394
   2.40926  1.36151 -0.01892  0.96454  0.027009  0.020564  0.000000     1.313
   2.47809  1.43032 -0.02028  0.96987  0.025177  0.020196  0.000000     1.247
   2.55880  1.51102 -0.02139  0.97483  0.023679  0.019867  0.000000     1.192
   2.65345  1.60567 -0.02215  0.97927  0.022474  0.019583  0.000000     1.148
   2.76445  1.71667 -0.02241  0.98312  0.021520  0.019343  0.000000     1.112
   2.89461  1.84683 -0.02202  0.98637  0.020774  0.019146  0.000000     1.085
   3.04725  1.99947 -0.02076  0.99059  0.020101  0.018897  0.000000     1.064
