NACA 4412                                       
 Alfa =  19.00000 Re =    20000.000 Xflap,Yflap =     0.000000    0.000000
#    x        y        Cp  
   1.00000  0.00126 -0.58560
   0.99392  0.00292 -0.58710
   0.98333  0.00577 -0.58974
   0.97098  0.00904 -0.59285
   0.95718  0.01262 -0.59639
   0.94237  0.01638 -0.60026
   0.92696  0.02021 -0.60438
   0.91123  0.02403 -0.60868
   0.89533  0.02780 -0.61315
   0.87933  0.03149 -0.61776
   0.86327  0.03511 -0.62252
   0.84718  0.03864 -0.62743
   0.83106  0.04208 -0.63250
   0.81492  0.04544 -0.63773
   0.79875  0.04870 -0.64315
   0.78258  0.05188 -0.64876
   0.76638  0.05496 -0.65457
   0.75017  0.05796 -0.66060
   0.73395  0.06086 -0.66687
   0.71772  0.06368 -0.67339
   0.70148  0.06640 -0.68020
   0.68523  0.06902 -0.68731
   0.66898  0.07155 -0.69475
   0.65272  0.07398 -0.70255
   0.63645  0.07632 -0.71075
   0.62019  0.07855 -0.71940
   0.60392  0.08069 -0.72863
   0.58766  0.08272 -0.73851
   0.57140  0.08465 -0.74904
   0.55514  0.08647 -0.76031
   0.53889  0.08818 -0.77243
   0.52265  0.08978 -0.78557
   0.50642  0.09127 -0.79994
   0.49021  0.09264 -0.81580
   0.47402  0.09390 -0.83358
   0.45785  0.09503 -0.85384
   0.44172  0.09603 -0.87772
   0.42564  0.09690 -0.90799
   0.40965  0.09765 -0.95994
   0.39382  0.09824 -0.96183
   0.37817  0.09865 -0.96263
   0.36263  0.09885 -0.96344
   0.34716  0.09884 -0.96429
   0.33174  0.09863 -0.96517
   0.31639  0.09821 -0.96609
   0.30109  0.09757 -0.96706
   0.28586  0.09672 -0.96808
   0.27069  0.09564 -0.96915
   0.25561  0.09433 -0.97030
   0.24061  0.09280 -0.97152
   0.22571  0.09103 -0.97283
   0.21092  0.08902 -0.97423
   0.19626  0.08678 -0.97575
   0.18175  0.08429 -0.97740
   0.16741  0.08155 -0.97921
   0.15327  0.07856 -0.98120
   0.13937  0.07533 -0.98341
   0.12576  0.07185 -0.98589
   0.11254  0.06815 -0.98870
   0.09978  0.06426 -0.99193
   0.08762  0.06020 -0.99569
   0.07622  0.05606 -1.00012
   0.06572  0.05190 -1.00543
   0.05625  0.04782 -1.01188
   0.04786  0.04389 -1.01985
   0.04055  0.04017 -1.02983
   0.03423  0.03668 -1.04247
   0.02879  0.03343 -1.05859
   0.02411  0.03040 -1.07930
   0.02008  0.02756 -1.10605
   0.01660  0.02489 -1.14080
   0.01357  0.02236 -1.18599
   0.01095  0.01995 -1.24346
   0.00867  0.01764 -1.31315
   0.00671  0.01541 -1.39568
   0.00502  0.01324 -1.48665
   0.00360  0.01113 -1.57624
   0.00242  0.00906 -1.65084
   0.00148  0.00703 -1.69370
   0.00077  0.00504 -1.68360
   0.00029  0.00309 -1.61336
   0.00004  0.00120 -1.47424
   0.00001 -0.00064 -1.27095
   0.00020 -0.00249 -0.99587
   0.00065 -0.00436 -0.65985
   0.00137 -0.00623 -0.29582
   0.00239 -0.00805  0.06021
   0.00369 -0.00980  0.36221
   0.00527 -0.01148  0.59803
   0.00712 -0.01307  0.76786
   0.00925 -0.01459  0.88166
   0.01167 -0.01603  0.95112
   0.01438 -0.01741  0.98747
   0.01744 -0.01873  0.99968
   0.02087 -0.02000  0.99535
   0.02476 -0.02123  0.97846
   0.02916 -0.02242  0.95318
   0.03419 -0.02357  0.92132
   0.03998 -0.02467  0.88527
   0.04667 -0.02572  0.84561
   0.05445 -0.02670  0.80395
   0.06345 -0.02758  0.76152
   0.07377 -0.02833  0.71906
   0.08543 -0.02891  0.67840
   0.09832 -0.02929  0.64013
   0.11223 -0.02947  0.60518
   0.12696 -0.02945  0.57357
   0.14228 -0.02924  0.54550
   0.15806 -0.02887  0.52017
   0.17418 -0.02837  0.49765
   0.19056 -0.02776  0.47734
   0.20714 -0.02707  0.45885
   0.22389 -0.02630  0.44195
   0.24078 -0.02549  0.42633
   0.25777 -0.02465  0.41169
   0.27484 -0.02379  0.39785
   0.29194 -0.02292  0.38446
   0.30901 -0.02207  0.37159
   0.32603 -0.02124  0.35905
   0.34301 -0.02043  0.34643
   0.35994 -0.01967  0.33371
   0.37686 -0.01894  0.32059
   0.39378 -0.01827  0.30666
   0.41076 -0.01762  0.29153
   0.42781 -0.01697  0.27687
   0.44491 -0.01629  0.26261
   0.46204 -0.01560  0.24900
   0.47921 -0.01490  0.23591
   0.49639 -0.01420  0.22293
   0.51357 -0.01350  0.21050
   0.53074 -0.01280  0.19809
   0.54790 -0.01211  0.18580
   0.56503 -0.01143  0.17355
   0.58215 -0.01076  0.16124
   0.59926 -0.01011  0.14879
   0.61635 -0.00947  0.13619
   0.63342 -0.00885  0.12323
   0.65049 -0.00825  0.10995
   0.66755 -0.00768  0.09633
   0.68459 -0.00712  0.08216
   0.70164 -0.00659  0.06756
   0.71867 -0.00608  0.05221
   0.73570 -0.00560  0.03624
   0.75273 -0.00514  0.01939
   0.76976 -0.00471  0.00176
   0.78678 -0.00431 -0.01703
   0.80381 -0.00393 -0.03689
   0.82084 -0.00357 -0.05818
   0.83786 -0.00324 -0.08108
   0.85489 -0.00294 -0.10592
   0.87190 -0.00266 -0.13288
   0.88889 -0.00241 -0.16248
   0.90581 -0.00218 -0.19549
   0.92258 -0.00197 -0.23241
   0.93902 -0.00179 -0.27414
   0.95483 -0.00163 -0.32171
   0.96953 -0.00150 -0.37530
   0.98258 -0.00139 -0.43692
   0.99368 -0.00131 -0.50587
   1.00000 -0.00126 -0.58560
