NACA 4412                                       
 Alfa =  36.60000 Re =    20000.000 Xflap,Yflap =     0.000000    0.000000
#    x        y        Cp  
   1.00000  0.00126 -1.22879
   0.99392  0.00292 -1.22994
   0.98333  0.00577 -1.23196
   0.97098  0.00904 -1.23432
   0.95718  0.01262 -1.23697
   0.94237  0.01638 -1.23984
   0.92696  0.02021 -1.24285
   0.91123  0.02403 -1.24596
   0.89533  0.02780 -1.24915
   0.87933  0.03149 -1.25239
   0.86327  0.03511 -1.25570
   0.84718  0.03864 -1.25906
   0.83106  0.04208 -1.26247
   0.81492  0.04544 -1.26595
   0.79875  0.04870 -1.26949
   0.78258  0.05188 -1.27309
   0.76638  0.05496 -1.27676
   0.75017  0.05796 -1.28050
   0.73395  0.06086 -1.28431
   0.71772  0.06368 -1.28820
   0.70148  0.06640 -1.29218
   0.68523  0.06902 -1.29624
   0.66898  0.07155 -1.30039
   0.65272  0.07398 -1.30464
   0.63645  0.07632 -1.30899
   0.62019  0.07855 -1.31345
   0.60392  0.08069 -1.31802
   0.58766  0.08272 -1.32272
   0.57140  0.08465 -1.32754
   0.55514  0.08647 -1.33250
   0.53889  0.08818 -1.33760
   0.52265  0.08978 -1.34286
   0.50642  0.09127 -1.34829
   0.49021  0.09264 -1.35389
   0.47402  0.09390 -1.35969
   0.45785  0.09503 -1.36570
   0.44172  0.09603 -1.37193
   0.42564  0.09690 -1.37839
   0.40965  0.09765 -1.38509
   0.39382  0.09824 -1.39201
   0.37817  0.09865 -1.39920
   0.36263  0.09885 -1.40670
   0.34716  0.09884 -1.41457
   0.33174  0.09863 -1.42301
   0.31639  0.09821 -1.43196
   0.30109  0.09757 -1.44146
   0.28586  0.09672 -1.45159
   0.27069  0.09564 -1.46244
   0.25561  0.09433 -1.47412
   0.24061  0.09280 -1.48678
   0.22571  0.09103 -1.50057
   0.21092  0.08902 -1.51574
   0.19626  0.08678 -1.53259
   0.18175  0.08429 -1.55153
   0.16741  0.08155 -1.57300
   0.15327  0.07856 -1.59810
   0.13937  0.07533 -1.62859
   0.12576  0.07185 -1.66836
   0.11254  0.06815 -1.73990
   0.09978  0.06426 -1.75809
   0.08762  0.06020 -1.76095
   0.07622  0.05606 -1.76399
   0.06572  0.05190 -1.76715
   0.05625  0.04782 -1.77033
   0.04786  0.04389 -1.77343
   0.04055  0.04017 -1.77634
   0.03423  0.03668 -1.77897
   0.02879  0.03343 -1.78128
   0.02411  0.03040 -1.78327
   0.02008  0.02756 -1.78491
   0.01660  0.02489 -1.78631
   0.01357  0.02236 -1.78747
   0.01095  0.01995 -1.78848
   0.00867  0.01764 -1.78954
   0.00671  0.01541 -1.79079
   0.00502  0.01324 -1.79271
   0.00360  0.01113 -1.79591
   0.00242  0.00906 -1.80152
   0.00148  0.00703 -1.81177
   0.00077  0.00504 -1.83003
   0.00029  0.00309 -1.86279
   0.00004  0.00120 -1.91934
   0.00001 -0.00064 -2.00686
   0.00020 -0.00249 -2.13540
   0.00065 -0.00436 -2.25975
   0.00137 -0.00623 -2.27347
   0.00239 -0.00805 -2.09698
   0.00369 -0.00980 -1.77299
   0.00527 -0.01148 -1.37653
   0.00712 -0.01307 -0.97261
   0.00925 -0.01459 -0.59252
   0.01167 -0.01603 -0.26054
   0.01438 -0.01741  0.01410
   0.01744 -0.01873  0.24311
   0.02087 -0.02000  0.43543
   0.02476 -0.02123  0.58472
   0.02916 -0.02242  0.70539
   0.03419 -0.02357  0.80307
   0.03998 -0.02467  0.87562
   0.04667 -0.02572  0.93016
   0.05445 -0.02670  0.96750
   0.06345 -0.02758  0.98997
   0.07377 -0.02833  0.99925
   0.08543 -0.02891  0.99819
   0.09832 -0.02929  0.98869
   0.11223 -0.02947  0.97354
   0.12696 -0.02945  0.95452
   0.14228 -0.02924  0.93362
   0.15806 -0.02887  0.91118
   0.17418 -0.02837  0.88852
   0.19056 -0.02776  0.86600
   0.20714 -0.02707  0.84400
   0.22389 -0.02630  0.82189
   0.24078 -0.02549  0.80064
   0.25777 -0.02465  0.77985
   0.27484 -0.02379  0.75918
   0.29194 -0.02292  0.73901
   0.30901 -0.02207  0.71930
   0.32603 -0.02124  0.69963
   0.34301 -0.02043  0.68019
   0.35994 -0.01967  0.66063
   0.37686 -0.01894  0.64074
   0.39378 -0.01827  0.62042
   0.41076 -0.01762  0.59846
   0.42781 -0.01697  0.57698
   0.44491 -0.01629  0.55555
   0.46204 -0.01560  0.53457
   0.47921 -0.01490  0.51357
   0.49639 -0.01420  0.49275
   0.51357 -0.01350  0.47172
   0.53074 -0.01280  0.45088
   0.54790 -0.01211  0.42939
   0.56503 -0.01143  0.40781
   0.58215 -0.01076  0.38589
   0.59926 -0.01011  0.36354
   0.61635 -0.00947  0.34069
   0.63342 -0.00885  0.31689
   0.65049 -0.00825  0.29276
   0.66755 -0.00768  0.26768
   0.68459 -0.00712  0.24141
   0.70164 -0.00659  0.21429
   0.71867 -0.00608  0.18586
   0.73570 -0.00560  0.15615
   0.75273 -0.00514  0.12451
   0.76976 -0.00471  0.09150
   0.78678 -0.00431  0.05599
   0.80381 -0.00393  0.01817
   0.82084 -0.00357 -0.02255
   0.83786 -0.00324 -0.06645
   0.85489 -0.00294 -0.11456
   0.87190 -0.00266 -0.16736
   0.88889 -0.00241 -0.22595
   0.90581 -0.00218 -0.29221
   0.92258 -0.00197 -0.36738
   0.93902 -0.00179 -0.45404
   0.95483 -0.00163 -0.55536
   0.96953 -0.00150 -0.67360
   0.98258 -0.00139 -0.81678
   0.99368 -0.00131 -0.98992
   1.00000 -0.00126 -1.22879
