NACA 4412                                       
 Alfa =  -0.85000 Re =    60000.000 Xflap,Yflap =     0.000000    0.000000
#    x        y        Cp  
   1.00000  0.00126 -0.04099
   0.99392  0.00292 -0.05050
   0.98333  0.00577 -0.06798
   0.97098  0.00904 -0.09012
   0.95718  0.01262 -0.11777
   0.94237  0.01638 -0.15130
   0.92696  0.02021 -0.19209
   0.91123  0.02403 -0.24396
   0.89533  0.02780 -0.26025
   0.87933  0.03149 -0.26073
   0.86327  0.03511 -0.26118
   0.84718  0.03864 -0.26161
   0.83106  0.04208 -0.26206
   0.81492  0.04544 -0.26253
   0.79875  0.04870 -0.26305
   0.78258  0.05188 -0.26364
   0.76638  0.05496 -0.26432
   0.75017  0.05796 -0.26512
   0.73395  0.06086 -0.26607
   0.71772  0.06368 -0.26720
   0.70148  0.06640 -0.26856
   0.68523  0.06902 -0.27019
   0.66898  0.07155 -0.27216
   0.65272  0.07398 -0.27455
   0.63645  0.07632 -0.27743
   0.62019  0.07855 -0.28090
   0.60392  0.08069 -0.28510
   0.58766  0.08272 -0.29015
   0.57140  0.08465 -0.29622
   0.55514  0.08647 -0.30347
   0.53889  0.08818 -0.31203
   0.52265  0.08978 -0.32201
   0.50642  0.09127 -0.33332
   0.49021  0.09264 -0.34594
   0.47402  0.09390 -0.36004
   0.45785  0.09503 -0.37564
   0.44172  0.09603 -0.39250
   0.42564  0.09690 -0.41037
   0.40965  0.09765 -0.42893
   0.39382  0.09824 -0.44804
   0.37817  0.09865 -0.46575
   0.36263  0.09885 -0.48140
   0.34716  0.09884 -0.49476
   0.33174  0.09863 -0.50565
   0.31639  0.09821 -0.51404
   0.30109  0.09757 -0.51972
   0.28586  0.09672 -0.52285
   0.27069  0.09564 -0.52330
   0.25561  0.09433 -0.52092
   0.24061  0.09280 -0.51581
   0.22571  0.09103 -0.50778
   0.21092  0.08902 -0.49670
   0.19626  0.08678 -0.48249
   0.18175  0.08429 -0.46489
   0.16741  0.08155 -0.44382
   0.15327  0.07856 -0.41878
   0.13937  0.07533 -0.38977
   0.12576  0.07185 -0.35613
   0.11254  0.06815 -0.31793
   0.09978  0.06426 -0.27471
   0.08762  0.06020 -0.22620
   0.07622  0.05606 -0.17256
   0.06572  0.05190 -0.11427
   0.05625  0.04782 -0.05143
   0.04786  0.04389  0.01419
   0.04055  0.04017  0.08324
   0.03423  0.03668  0.15375
   0.02879  0.03343  0.22688
   0.02411  0.03040  0.30052
   0.02008  0.02756  0.37603
   0.01660  0.02489  0.45356
   0.01357  0.02236  0.53298
   0.01095  0.01995  0.61261
   0.00867  0.01764  0.69311
   0.00671  0.01541  0.77162
   0.00502  0.01324  0.84714
   0.00360  0.01113  0.91417
   0.00242  0.00906  0.96631
   0.00148  0.00703  0.99659
   0.00077  0.00504  0.99370
   0.00029  0.00309  0.94866
   0.00004  0.00120  0.85302
   0.00001 -0.00064  0.70730
   0.00020 -0.00249  0.50394
   0.00065 -0.00436  0.25069
   0.00137 -0.00623 -0.02339
   0.00239 -0.00805 -0.28291
   0.00369 -0.00980 -0.50252
   0.00527 -0.01148 -0.66725
   0.00712 -0.01307 -0.78075
   0.00925 -0.01459 -0.85123
   0.01167 -0.01603 -0.88888
   0.01438 -0.01741 -0.90243
   0.01744 -0.01873 -0.89784
   0.02087 -0.02000 -0.88148
   0.02476 -0.02123 -0.85549
   0.02916 -0.02242 -0.82337
   0.03419 -0.02357 -0.78565
   0.03998 -0.02467 -0.74436
   0.04667 -0.02572 -0.69995
   0.05445 -0.02670 -0.65313
   0.06345 -0.02758 -0.60496
   0.07377 -0.02833 -0.55652
   0.08543 -0.02891 -0.50905
   0.09832 -0.02929 -0.46392
   0.11223 -0.02947 -0.42219
   0.12696 -0.02945 -0.38451
   0.14228 -0.02924 -0.35106
   0.15806 -0.02887 -0.32163
   0.17418 -0.02837 -0.29582
   0.19056 -0.02776 -0.27313
   0.20714 -0.02707 -0.25309
   0.22389 -0.02630 -0.23537
   0.24078 -0.02549 -0.21961
   0.25777 -0.02465 -0.20546
   0.27484 -0.02379 -0.19265
   0.29194 -0.02292 -0.18096
   0.30901 -0.02207 -0.17018
   0.32603 -0.02124 -0.16014
   0.34301 -0.02043 -0.15068
   0.35994 -0.01967 -0.14167
   0.37686 -0.01894 -0.13301
   0.39378 -0.01827 -0.12458
   0.41076 -0.01762 -0.11630
   0.42781 -0.01697 -0.10820
   0.44491 -0.01629 -0.10028
   0.46204 -0.01560 -0.09256
   0.47921 -0.01490 -0.08503
   0.49639 -0.01420 -0.07770
   0.51357 -0.01350 -0.07056
   0.53074 -0.01280 -0.06365
   0.54790 -0.01211 -0.05703
   0.56503 -0.01143 -0.05073
   0.58215 -0.01076 -0.04481
   0.59926 -0.01011 -0.03934
   0.61635 -0.00947 -0.03442
   0.63342 -0.00885 -0.03020
   0.65049 -0.00825 -0.02082
   0.66755 -0.00768 -0.00997
   0.68459 -0.00712  0.00041
   0.70164 -0.00659  0.00987
   0.71867 -0.00608  0.01806
   0.73570 -0.00560  0.02476
   0.75273 -0.00514  0.02992
   0.76976 -0.00471  0.03362
   0.78678 -0.00431  0.03602
   0.80381 -0.00393  0.03733
   0.82084 -0.00357  0.03763
   0.83786 -0.00324  0.03711
   0.85489 -0.00294  0.03571
   0.87190 -0.00266  0.03375
   0.88889 -0.00241  0.03099
   0.90581 -0.00218  0.02746
   0.92258 -0.00197  0.02298
   0.93902 -0.00179  0.01737
   0.95483 -0.00163  0.01036
   0.96953 -0.00150  0.00171
   0.98258 -0.00139 -0.00916
   0.99368 -0.00131 -0.02180
   1.00000 -0.00126 -0.04099
