#    s        x        y     Ue/Vinf    Dstar     Theta      Cf       H
   0.00000  1.00000  0.00126  1.11465  0.108781  0.003929 -0.000273    27.689
   0.00630  0.99392  0.00292  1.11469  0.107725  0.003927 -0.000799    27.434
   0.01727  0.98333  0.00577  1.11475  0.105800  0.003924 -0.000800    26.961
   0.03004  0.97098  0.00904  1.11481  0.103484  0.003922 -0.000801    26.383
   0.04430  0.95718  0.01262  1.11487  0.100847  0.003921 -0.000802    25.721
   0.05958  0.94237  0.01638  1.11494  0.097984  0.003920 -0.000803    24.998
   0.07546  0.92696  0.02021  1.11500  0.094980  0.003919 -0.000804    24.238
   0.09164  0.91123  0.02403  1.11507  0.091899  0.003918 -0.000805    23.456
   0.10799  0.89533  0.02780  1.11514  0.088781  0.003917 -0.000806    22.664
   0.12441  0.87933  0.03149  1.11521  0.085645  0.003916 -0.000807    21.868
   0.14087  0.86327  0.03511  1.11528  0.082509  0.003915 -0.000808    21.073
   0.15734  0.84718  0.03864  1.11537  0.079379  0.003914 -0.000810    20.281
   0.17383  0.83106  0.04208  1.11546  0.076264  0.003912 -0.000812    19.493
   0.19032  0.81492  0.04544  1.11556  0.073167  0.003910 -0.000814    18.712
   0.20680  0.79875  0.04870  1.11568  0.070096  0.003907 -0.000816    17.940
   0.22329  0.78258  0.05188  1.11581  0.067050  0.003904 -0.000819    17.177
   0.23978  0.76638  0.05496  1.11596  0.064036  0.003899 -0.000822    16.423
   0.25626  0.75017  0.05796  1.11614  0.061056  0.003894 -0.000825    15.681
   0.27274  0.73395  0.06086  1.11634  0.058115  0.003887 -0.000829    14.952
   0.28921  0.71772  0.06368  1.11657  0.055216  0.003879 -0.000834    14.235
   0.30568  0.70148  0.06640  1.11684  0.052361  0.003869 -0.000839    13.532
   0.32214  0.68523  0.06902  1.11716  0.049553  0.003858 -0.000845    12.844
   0.33859  0.66898  0.07155  1.11754  0.046798  0.003845 -0.000852    12.171
   0.35503  0.65272  0.07398  1.11798  0.044097  0.003830 -0.000861    11.515
   0.37146  0.63645  0.07632  1.11850  0.041454  0.003812 -0.000871    10.875
   0.38788  0.62019  0.07855  1.11911  0.038872  0.003791 -0.000882    10.253
   0.40429  0.60392  0.08069  1.11984  0.036358  0.003768 -0.000895     9.649
   0.42068  0.58766  0.08272  1.12070  0.033911  0.003741 -0.000911     9.065
   0.43705  0.57140  0.08465  1.12172  0.031541  0.003711 -0.000931     8.500
   0.45341  0.55514  0.08647  1.12293  0.029245  0.003676 -0.000954     7.956
   0.46975  0.53889  0.08818  1.12438  0.027033  0.003637 -0.000981     7.434
   0.48606  0.52265  0.08978  1.12610  0.024906  0.003592 -0.001016     6.933
   0.50236  0.50642  0.09127  1.12815  0.022871  0.003542 -0.001058     6.456
   0.51863  0.49021  0.09264  1.13060  0.020930  0.003487 -0.001108     6.003
   0.53487  0.47402  0.09390  1.13353  0.019089  0.003424 -0.001157     5.575
   0.55108  0.45785  0.09503  1.13703  0.017347  0.003354 -0.001179     5.171
   0.56725  0.44172  0.09603  1.14120  0.015712  0.003277 -0.001142     4.795
   0.58335  0.42564  0.09690  1.14610  0.014184  0.003192 -0.000974     4.444
   0.59935  0.40965  0.09765  1.15173  0.012767  0.003100 -0.000605     4.118
   0.61519  0.39382  0.09824  1.15806  0.011454  0.003002  0.000042     3.816
   0.63085  0.37817  0.09865  1.16522  0.010305  0.002896  0.000940     3.559
   0.64639  0.36263  0.09885  1.17313  0.009314  0.002783  0.002044     3.347
   0.66187  0.34716  0.09884  1.18153  0.008462  0.002666  0.003305     3.174
   0.67728  0.33174  0.09863  1.19005  0.007734  0.002548  0.004667     3.035
   0.69264  0.31639  0.09821  1.19835  0.007112  0.002433  0.006090     2.923
   0.70795  0.30109  0.09757  1.20611  0.006578  0.002323  0.007537     2.832
   0.72321  0.28586  0.09672  1.21307  0.006117  0.002217  0.008976     2.759
   0.73841  0.27069  0.09564  1.21908  0.005715  0.002117  0.010405     2.700
   0.75355  0.25561  0.09433  1.22400  0.005360  0.002021  0.011807     2.652
   0.76863  0.24061  0.09280  1.22775  0.005043  0.001931  0.013192     2.612
   0.78363  0.22571  0.09103  1.23026  0.004756  0.001844  0.014555     2.579
   0.79855  0.21092  0.08902  1.23149  0.004493  0.001761  0.015903     2.551
   0.81339  0.19626  0.08678  1.23142  0.004247  0.001680  0.017269     2.527
   0.82811  0.18175  0.08429  1.22992  0.004019  0.001602  0.018617     2.508
   0.84271  0.16741  0.08155  1.22701  0.003799  0.001526  0.020018     2.490
   0.85717  0.15327  0.07856  1.22251  0.003590  0.001450  0.021436     2.476
   0.87144  0.13937  0.07533  1.21637  0.003388  0.001376  0.022907     2.463
   0.88548  0.12576  0.07185  1.20848  0.003189  0.001301  0.024488     2.451
   0.89921  0.11254  0.06815  1.19856  0.002997  0.001228  0.026103     2.441
   0.91255  0.09978  0.06426  1.18661  0.002806  0.001154  0.027882     2.431
   0.92536  0.08762  0.06020  1.17236  0.002620  0.001081  0.029766     2.423
   0.93750  0.07622  0.05606  1.15577  0.002437  0.001009  0.031826     2.414
   0.94879  0.06572  0.05190  1.13675  0.002260  0.000939  0.033994     2.407
   0.95911  0.05625  0.04782  1.11545  0.002090  0.000872  0.036395     2.398
   0.96837  0.04786  0.04389  1.09178  0.001930  0.000808  0.038887     2.390
   0.97657  0.04055  0.04017  1.06593  0.001781  0.000748  0.041491     2.381
   0.98379  0.03423  0.03668  1.03786  0.001642  0.000692  0.044236     2.372
   0.99012  0.02879  0.03343  1.00741  0.001516  0.000641  0.046836     2.365
   0.99570  0.02411  0.03040  0.97461  0.001396  0.000593  0.049682     2.354
   1.00063  0.02008  0.02756  0.93864  0.001287  0.000549  0.052393     2.345
   1.00502  0.01660  0.02489  0.89904  0.001185  0.000508  0.055098     2.333
   1.00896  0.01357  0.02236  0.85507  0.001093  0.000470  0.057306     2.325
   1.01253  0.01095  0.01995  0.80614  0.001004  0.000434  0.059456     2.313
   1.01577  0.00867  0.01764  0.75081  0.000924  0.000401  0.060767     2.303
   1.01874  0.00671  0.01541  0.68791  0.000847  0.000370  0.061466     2.289
   1.02149  0.00502  0.01324  0.61591  0.000780  0.000342  0.060247     2.281
   1.02404  0.00360  0.01113  0.53300  0.000715  0.000316  0.057865     2.262
   1.02642  0.00242  0.00906  0.43841  0.000663  0.000293  0.051201     2.264
   1.02866  0.00148  0.00703  0.33015  0.000608  0.000272  0.043105     2.237
   1.03077  0.00077  0.00504  0.20808  0.000576  0.000257  0.028456     2.246
   1.03277  0.00029  0.00309  0.07307  0.000526  0.000236  0.011114     2.230
   1.03468  0.00004  0.00120 -0.07266  0.000526  0.000236  0.011053     2.230
   1.03651  0.00001 -0.00064 -0.22040  0.000504  0.000227  0.035178     2.223
   1.03838  0.00020 -0.00249 -0.37813  0.000498  0.000223  0.060646     2.230
   1.04030  0.00065 -0.00436 -0.53904  0.000503  0.000225  0.085457     2.233
   1.04230  0.00137 -0.00623 -0.69009  0.000529  0.000235  0.102233     2.253
   1.04439  0.00239 -0.00805 -0.82282  0.000566  0.000250  0.112595     2.266
   1.04657  0.00369 -0.00980 -0.93208  0.000622  0.000271  0.113063     2.293
   1.04888  0.00527 -0.01148 -1.01667  0.000693  0.000299  0.107969     2.319
   1.05132  0.00712 -0.01307 -1.07974  0.000780  0.000332  0.099101     2.349
   1.05393  0.00925 -0.01459 -1.12552  0.000879  0.000370  0.089089     2.378
   1.05675  0.01167 -0.01603 -1.15821  0.000989  0.000411  0.079126     2.407
   1.05979  0.01438 -0.01741 -1.18049  0.001115  0.000457  0.069267     2.439
   1.06312  0.01744 -0.01873 -1.19534  0.001250  0.000507  0.060738     2.467
   1.06679  0.02087 -0.02000 -1.20439  0.001401  0.000561  0.052893     2.497
   1.07086  0.02476 -0.02123 -1.20916  0.001565  0.000620  0.046131     2.525
   1.07542  0.02916 -0.02242 -1.21042  0.001747  0.000684  0.040036     2.555
   1.08058  0.03419 -0.02357 -1.20889  0.001947  0.000753  0.034700     2.585
   1.08647  0.03998 -0.02467 -1.20510  0.002170  0.000830  0.030029     2.614
   1.09325  0.04667 -0.02572 -1.19937  0.002418  0.000915  0.025898     2.643
   1.10108  0.05445 -0.02670 -1.19189  0.002698  0.001009  0.022225     2.675
   1.11013  0.06345 -0.02758 -1.18302  0.003008  0.001112  0.019049     2.706
   1.12048  0.07377 -0.02833 -1.17306  0.003350  0.001224  0.016305     2.737
   1.13215  0.08543 -0.02891 -1.16238  0.003722  0.001344  0.013978     2.768
   1.14504  0.09832 -0.02929 -1.15139  0.004116  0.001471  0.012031     2.798
   1.15896  0.11223 -0.02947 -1.14046  0.004526  0.001601  0.010423     2.827
   1.17368  0.12696 -0.02945 -1.12987  0.004944  0.001732  0.009103     2.855
   1.18901  0.14228 -0.02924 -1.11979  0.005362  0.001862  0.008031     2.880
   1.20480  0.15806 -0.02887 -1.11033  0.005773  0.001990  0.007167     2.902
   1.22092  0.17418 -0.02837 -1.10149  0.006179  0.002115  0.006454     2.921
   1.23731  0.19056 -0.02776 -1.09330  0.006571  0.002237  0.005885     2.937
   1.25391  0.20714 -0.02707 -1.08571  0.006949  0.002356  0.005423     2.950
   1.27067  0.22389 -0.02630 -1.07868  0.007311  0.002471  0.005050     2.959
   1.28758  0.24078 -0.02549 -1.07221  0.007653  0.002582  0.004758     2.964
   1.30460  0.25777 -0.02465 -1.06627  0.007973  0.002689  0.004535     2.965
   1.32169  0.27484 -0.02379 -1.06083  0.008271  0.002792  0.004369     2.962
   1.33881  0.29194 -0.02292 -1.05591  0.008538  0.002891  0.004267     2.953
   1.35590  0.30901 -0.02207 -1.05147  0.008782  0.002985  0.004203     2.942
   1.37294  0.32603 -0.02124 -1.04753  0.008990  0.003073  0.004196     2.925
   1.38994  0.34301 -0.02043 -1.04408  0.009167  0.003157  0.004231     2.904
   1.40689  0.35994 -0.01967 -1.04112  0.009307  0.003234  0.004314     2.878
   1.42382  0.37686 -0.01894 -1.03868  0.009413  0.003306  0.004442     2.847
   1.44075  0.39378 -0.01827 -1.03681  0.009475  0.003371  0.004629     2.811
   1.45775  0.41076 -0.01762 -1.03552  0.009497  0.003429  0.004867     2.770
   1.47481  0.42781 -0.01697 -1.03437  0.009554  0.003486  0.005021     2.740
   1.49192  0.44491 -0.01629 -1.03334  0.009630  0.003543  0.005120     2.718
   1.50907  0.46204 -0.01560 -1.03241  0.009720  0.003600  0.005179     2.700
   1.52625  0.47921 -0.01490 -1.03157  0.009821  0.003656  0.005209     2.687
   1.54344  0.49639 -0.01420 -1.03080  0.009927  0.003711  0.005220     2.675
   1.56064  0.51357 -0.01350 -1.03008  0.010039  0.003765  0.005215     2.666
   1.57783  0.53074 -0.01280 -1.02945  0.010149  0.003818  0.005206     2.658
   1.59499  0.54790 -0.01211 -1.02891  0.010255  0.003870  0.005198     2.650
   1.61214  0.56503 -0.01143 -1.02844  0.010359  0.003920  0.005190     2.643
   1.62928  0.58215 -0.01076 -1.02807  0.010456  0.003969  0.005187     2.635
   1.64639  0.59926 -0.01011 -1.02781  0.010546  0.004015  0.005191     2.627
   1.66350  0.61635 -0.00947 -1.02765  0.010629  0.004060  0.005203     2.618
   1.68058  0.63342 -0.00885 -1.02764  0.010700  0.004103  0.005228     2.608
   1.69766  0.65049 -0.00825 -1.02774  0.010761  0.004143  0.005262     2.597
   1.71473  0.66755 -0.00768 -1.02800  0.010811  0.004181  0.005309     2.586
   1.73178  0.68459 -0.00712 -1.02841  0.010849  0.004216  0.005368     2.573
   1.74883  0.70164 -0.00659 -1.02899  0.010875  0.004249  0.005441     2.559
   1.76588  0.71867 -0.00608 -1.02976  0.010887  0.004279  0.005529     2.545
   1.78292  0.73570 -0.00560 -1.03072  0.010887  0.004305  0.005632     2.529
   1.79995  0.75273 -0.00514 -1.03191  0.010871  0.004328  0.005752     2.512
   1.81698  0.76976 -0.00471 -1.03332  0.010843  0.004348  0.005887     2.494
   1.83401  0.78678 -0.00431 -1.03500  0.010798  0.004364  0.006043     2.474
   1.85104  0.80381 -0.00393 -1.03696  0.010737  0.004376  0.006220     2.454
   1.86807  0.82084 -0.00357 -1.03925  0.010659  0.004383  0.006422     2.432
   1.88510  0.83786 -0.00324 -1.04189  0.010564  0.004385  0.006649     2.409
   1.90213  0.85489 -0.00294 -1.04496  0.010446  0.004381  0.006913     2.384
   1.91914  0.87190 -0.00266 -1.04848  0.010311  0.004372  0.007209     2.358
   1.93613  0.88889 -0.00241 -1.05256  0.010149  0.004355  0.007553     2.331
   1.95305  0.90581 -0.00218 -1.05729  0.009961  0.004330  0.007954     2.300
   1.96983  0.92258 -0.00197 -1.06280  0.009741  0.004295  0.008426     2.268
   1.98627  0.93902 -0.00179 -1.06920  0.009487  0.004249  0.008986     2.233
   2.00209  0.95483 -0.00163 -1.07662  0.009197  0.004190  0.009656     2.195
   2.01678  0.96953 -0.00150 -1.08503  0.008873  0.004118  0.010447     2.154
   2.02984  0.98258 -0.00139 -1.09444  0.008515  0.004033  0.011388     2.111
   2.04093  0.99368 -0.00131 -1.10445  0.008148  0.003939  0.012442     2.068
   2.04725  1.00000 -0.00126 -1.11465  0.007722  0.003828  0.013800     2.017
   2.04725  1.00010 -0.00001  1.11465  0.118979  0.007757  0.000000    15.338
   2.05356  1.00636 -0.00081  1.11185  0.118542  0.008097  0.000000    14.641
   2.06096  1.01371 -0.00163  1.10818  0.117784  0.008543  0.000000    13.788
   2.06964  1.02234 -0.00252  1.10379  0.116781  0.009078  0.000000    12.863
   2.07981  1.03247 -0.00350  1.09847  0.115481  0.009730  0.000000    11.868
   2.09174  1.04435 -0.00457  1.09209  0.113810  0.010517  0.000000    10.822
   2.10574  1.05830 -0.00575  1.08442  0.111678  0.011468  0.000000     9.738
   2.12215  1.07466 -0.00703  1.07514  0.108971  0.012624  0.000000     8.632
   2.14139  1.09385 -0.00843  1.06388  0.105549  0.014038  0.000000     7.519
   2.16396  1.11636 -0.00995  1.05007  0.101250  0.015783  0.000000     6.415
   2.19042  1.14278 -0.01158  1.03281  0.095905  0.017983  0.000000     5.333
   2.22145  1.17376 -0.01332  1.01049  0.089387  0.020867  0.000000     4.284
   2.25784  1.21011 -0.01515  0.98606  0.081471  0.024070  0.000000     3.385
   2.30052  1.25274 -0.01707  0.96461  0.072248  0.026888  0.000000     2.687
   2.35057  1.30275 -0.01904  0.94940  0.062354  0.028847  0.000000     2.162
   2.40926  1.36141 -0.02104  0.94317  0.052818  0.029612  0.000000     1.784
   2.47809  1.43020 -0.02300  0.94557  0.044678  0.029338  0.000000     1.523
   2.55880  1.51089 -0.02488  0.95332  0.038451  0.028527  0.000000     1.348
   2.65345  1.60553 -0.02660  0.96260  0.034025  0.027632  0.000000     1.231
   2.76445  1.71652 -0.02805  0.97112  0.030988  0.026865  0.000000     1.153
   2.89461  1.84668 -0.02914  0.97814  0.028932  0.026267  0.000000     1.101
   3.04725  1.99932 -0.02970  0.98719  0.027225  0.025532  0.000000     1.066
