#    s        x        y     Ue/Vinf    Dstar     Theta      Cf       H
   0.00000  1.00000  0.00126  1.00414  0.059555  0.015011 -0.000019     3.967
   0.00630  0.99392  0.00292  1.00675  0.058717  0.014780 -0.000020     3.973
   0.01727  0.98333  0.00577  1.01143  0.057221  0.014377 -0.000022     3.980
   0.03004  0.97098  0.00904  1.01716  0.055522  0.013898 -0.000025     3.995
   0.04430  0.95718  0.01262  1.02398  0.053704  0.013352 -0.000030     4.022
   0.05958  0.94237  0.01638  1.03180  0.051859  0.012752 -0.000037     4.067
   0.07546  0.92696  0.02021  1.04054  0.050059  0.012112 -0.000048     4.133
   0.09164  0.91123  0.02403  1.05015  0.048347  0.011444 -0.000063     4.225
   0.10799  0.89533  0.02780  1.06062  0.046745  0.010753 -0.000081     4.347
   0.12441  0.87933  0.03149  1.07196  0.045256  0.010043 -0.000102     4.506
   0.14087  0.86327  0.03511  1.08422  0.043886  0.009317 -0.000124     4.711
   0.15734  0.84718  0.03864  1.09747  0.042624  0.008575 -0.000145     4.971
   0.17383  0.83106  0.04208  1.11180  0.041463  0.007818 -0.000166     5.304
   0.19032  0.81492  0.04544  1.12734  0.040387  0.007044 -0.000185     5.734
   0.20680  0.79875  0.04870  1.14428  0.039383  0.006251 -0.000205     6.300
   0.22329  0.78258  0.05188  1.16301  0.038419  0.005430 -0.000230     7.075
   0.23978  0.76638  0.05496  1.18403  0.037462  0.004570 -0.000268     8.197
   0.25626  0.75017  0.05796  1.20792  0.036467  0.003665 -0.000321     9.950
   0.27274  0.73395  0.06086  1.23635  0.035335  0.002674 -0.000336    13.217
   0.28921  0.71772  0.06368  1.25514  0.034282  0.002079 -0.000578    16.491
   0.30568  0.70148  0.06640  1.25565  0.033407  0.002067 -0.000582    16.166
   0.32214  0.68523  0.06902  1.25611  0.032363  0.002056 -0.000586    15.741
   0.33859  0.66898  0.07155  1.25655  0.031202  0.002046 -0.000590    15.247
   0.35503  0.65272  0.07398  1.25698  0.029951  0.002038 -0.000594    14.699
   0.37146  0.63645  0.07632  1.25742  0.028633  0.002029 -0.000599    14.111
   0.38788  0.62019  0.07855  1.25787  0.027264  0.002021 -0.000603    13.492
   0.40429  0.60392  0.08069  1.25834  0.025858  0.002012 -0.000608    12.850
   0.42068  0.58766  0.08272  1.25887  0.024424  0.002003 -0.000614    12.191
   0.43705  0.57140  0.08465  1.25945  0.022975  0.001994 -0.000621    11.523
   0.45341  0.55514  0.08647  1.26011  0.021517  0.001983 -0.000628    10.849
   0.46975  0.53889  0.08818  1.26087  0.020060  0.001972 -0.000638    10.175
   0.48606  0.52265  0.08978  1.26177  0.018612  0.001958 -0.000649     9.504
   0.50236  0.50642  0.09127  1.26284  0.017179  0.001943 -0.000662     8.841
   0.51863  0.49021  0.09264  1.26413  0.015771  0.001926 -0.000679     8.189
   0.53487  0.47402  0.09390  1.26570  0.014395  0.001906 -0.000700     7.553
   0.55108  0.45785  0.09503  1.26764  0.013057  0.001883 -0.000727     6.935
   0.56725  0.44172  0.09603  1.27004  0.011766  0.001856 -0.000763     6.340
   0.58335  0.42564  0.09690  1.27304  0.010530  0.001825 -0.000806     5.771
   0.59935  0.40965  0.09765  1.27681  0.009357  0.001789 -0.000830     5.231
   0.61519  0.39382  0.09824  1.28151  0.008251  0.001747 -0.000782     4.722
   0.63085  0.37817  0.09865  1.28726  0.007279  0.001700 -0.000568     4.281
   0.64639  0.36263  0.09885  1.29395  0.006441  0.001649 -0.000130     3.906
   0.66187  0.34716  0.09884  1.30173  0.005731  0.001593  0.000526     3.599
   0.67728  0.33174  0.09863  1.31052  0.005139  0.001531  0.001346     3.357
   0.69264  0.31639  0.09821  1.31989  0.004648  0.001467  0.002262     3.169
   0.70795  0.30109  0.09757  1.32932  0.004245  0.001403  0.003213     3.026
   0.72321  0.28586  0.09672  1.33834  0.003910  0.001341  0.004163     2.916
   0.73841  0.27069  0.09564  1.34666  0.003629  0.001282  0.005089     2.831
   0.75355  0.25561  0.09433  1.35409  0.003390  0.001226  0.005979     2.765
   0.76863  0.24061  0.09280  1.36056  0.003181  0.001173  0.006843     2.713
   0.78363  0.22571  0.09103  1.36601  0.002997  0.001122  0.007677     2.671
   0.79855  0.21092  0.08902  1.37044  0.002830  0.001073  0.008487     2.638
   0.81339  0.19626  0.08678  1.37392  0.002676  0.001026  0.009305     2.609
   0.82811  0.18175  0.08429  1.37631  0.002535  0.000980  0.010094     2.587
   0.84271  0.16741  0.08155  1.37778  0.002400  0.000935  0.010912     2.567
   0.85717  0.15327  0.07856  1.37819  0.002272  0.000891  0.011732     2.551
   0.87144  0.13937  0.07533  1.37765  0.002147  0.000846  0.012608     2.537
   0.88548  0.12576  0.07185  1.37599  0.002027  0.000803  0.013509     2.525
   0.89921  0.11254  0.06815  1.37324  0.001910  0.000759  0.014452     2.516
   0.91255  0.09978  0.06426  1.36947  0.001792  0.000715  0.015506     2.507
   0.92536  0.08762  0.06020  1.36449  0.001678  0.000671  0.016623     2.500
   0.93750  0.07622  0.05606  1.35842  0.001566  0.000628  0.017866     2.494
   0.94879  0.06572  0.05190  1.35121  0.001456  0.000585  0.019246     2.487
   0.95911  0.05625  0.04782  1.34286  0.001350  0.000544  0.020758     2.481
   0.96837  0.04786  0.04389  1.33344  0.001249  0.000505  0.022462     2.473
   0.97657  0.04055  0.04017  1.32279  0.001155  0.000468  0.024260     2.467
   0.98379  0.03423  0.03668  1.31106  0.001065  0.000433  0.026297     2.458
   0.99012  0.02879  0.03343  1.29787  0.000983  0.000401  0.028450     2.450
   0.99570  0.02411  0.03040  1.28316  0.000905  0.000371  0.030890     2.439
   1.00063  0.02008  0.02756  1.26633  0.000834  0.000343  0.033473     2.428
   1.00502  0.01660  0.02489  1.24703  0.000766  0.000317  0.036381     2.415
   1.00896  0.01357  0.02236  1.22446  0.000705  0.000293  0.039252     2.404
   1.01253  0.01095  0.01995  1.19837  0.000645  0.000270  0.042696     2.387
   1.01577  0.00867  0.01764  1.16701  0.000590  0.000249  0.046023     2.374
   1.01874  0.00671  0.01541  1.12965  0.000539  0.000229  0.049707     2.356
   1.02149  0.00502  0.01324  1.08425  0.000492  0.000210  0.053066     2.340
   1.02404  0.00360  0.01113  1.02953  0.000449  0.000193  0.056117     2.323
   1.02642  0.00242  0.00906  0.96302  0.000409  0.000178  0.058709     2.303
   1.02866  0.00148  0.00703  0.88217  0.000375  0.000164  0.059506     2.287
   1.03077  0.00077  0.00504  0.78604  0.000346  0.000152  0.058390     2.270
   1.03277  0.00029  0.00309  0.67339  0.000323  0.000143  0.054443     2.254
   1.03468  0.00004  0.00120  0.54604  0.000307  0.000137  0.046911     2.243
   1.03651  0.00001 -0.00064  0.40964  0.000295  0.000131  0.036609     2.243
   1.03838  0.00020 -0.00249  0.25638  0.000285  0.000128  0.024086     2.226
   1.04030  0.00065 -0.00436  0.09173  0.000291  0.000131  0.008399     2.230
   1.04230  0.00137 -0.00623 -0.07405  0.000291  0.000131  0.006785     2.230
   1.04439  0.00239 -0.00805 -0.23242  0.000311  0.000139  0.019754     2.240
   1.04657  0.00369 -0.00980 -0.37373  0.000334  0.000149  0.029411     2.246
   1.04888  0.00527 -0.01148 -0.49275  0.000370  0.000163  0.034267     2.269
   1.05132  0.00712 -0.01307 -0.59087  0.000408  0.000179  0.036959     2.277
   1.05393  0.00925 -0.01459 -0.67128  0.000455  0.000198  0.036986     2.297
   1.05675  0.01167 -0.01603 -0.73560  0.000508  0.000219  0.035667     2.316
   1.05979  0.01438 -0.01741 -0.78760  0.000565  0.000242  0.033759     2.333
   1.06312  0.01744 -0.01873 -0.82985  0.000629  0.000267  0.031430     2.351
   1.06679  0.02087 -0.02000 -0.86409  0.000699  0.000295  0.028905     2.370
   1.07086  0.02476 -0.02123 -0.89216  0.000775  0.000325  0.026483     2.386
   1.07542  0.02916 -0.02242 -0.91510  0.000859  0.000357  0.024057     2.405
   1.08058  0.03419 -0.02357 -0.93372  0.000952  0.000393  0.021727     2.423
   1.08647  0.03998 -0.02467 -0.94888  0.001054  0.000432  0.019593     2.440
   1.09325  0.04667 -0.02572 -0.96103  0.001169  0.000475  0.017571     2.459
   1.10108  0.05445 -0.02670 -0.97023  0.001298  0.000524  0.015619     2.479
   1.11013  0.06345 -0.02758 -0.97699  0.001441  0.000577  0.013897     2.498
   1.12048  0.07377 -0.02833 -0.98138  0.001600  0.000635  0.012294     2.519
   1.13215  0.08543 -0.02891 -0.98380  0.001771  0.000698  0.010905     2.538
   1.14504  0.09832 -0.02929 -0.98445  0.001954  0.000764  0.009670     2.558
   1.15896  0.11223 -0.02947 -0.98372  0.002145  0.000832  0.008615     2.577
   1.17368  0.12696 -0.02945 -0.98197  0.002340  0.000901  0.007718     2.596
   1.18901  0.14228 -0.02924 -0.97947  0.002538  0.000971  0.006952     2.614
   1.20480  0.15806 -0.02887 -0.97658  0.002732  0.001039  0.006325     2.629
   1.22092  0.17418 -0.02837 -0.97344  0.002925  0.001107  0.005790     2.644
   1.23731  0.19056 -0.02776 -0.97018  0.003115  0.001173  0.005335     2.657
   1.25391  0.20714 -0.02707 -0.96693  0.003300  0.001237  0.004955     2.668
   1.27067  0.22389 -0.02630 -0.96373  0.003479  0.001300  0.004631     2.677
   1.28758  0.24078 -0.02549 -0.96066  0.003652  0.001360  0.004361     2.684
   1.30460  0.25777 -0.02465 -0.95780  0.003815  0.001419  0.004142     2.688
   1.32169  0.27484 -0.02379 -0.95511  0.003972  0.001476  0.003954     2.691
   1.33881  0.29194 -0.02292 -0.95278  0.004112  0.001530  0.003823     2.688
   1.35590  0.30901 -0.02207 -0.95068  0.004246  0.001581  0.003709     2.685
   1.37294  0.32603 -0.02124 -0.94894  0.004363  0.001630  0.003638     2.677
   1.38994  0.34301 -0.02043 -0.94760  0.004464  0.001675  0.003603     2.665
   1.40689  0.35994 -0.01967 -0.94668  0.004547  0.001717  0.003601     2.649
   1.42382  0.37686 -0.01894 -0.94625  0.004612  0.001755  0.003635     2.628
   1.44075  0.39378 -0.01827 -0.94649  0.004649  0.001787  0.003724     2.601
   1.45775  0.41076 -0.01762 -0.94746  0.004660  0.001815  0.003861     2.568
   1.47481  0.42781 -0.01697 -0.94819  0.004709  0.001845  0.003891     2.552
   1.49192  0.44491 -0.01629 -0.94877  0.004776  0.001877  0.003870     2.545
   1.50907  0.46204 -0.01560 -0.94916  0.004858  0.001910  0.003810     2.544
   1.52625  0.47921 -0.01490 -0.94941  0.004947  0.001944  0.003735     2.546
   1.54344  0.49639 -0.01420 -0.94956  0.005041  0.001977  0.003653     2.549
   1.56064  0.51357 -0.01350 -0.94958  0.005138  0.002012  0.003565     2.554
   1.57783  0.53074 -0.01280 -0.94957  0.005232  0.002045  0.003484     2.558
   1.59499  0.54790 -0.01211 -0.94953  0.005324  0.002079  0.003410     2.562
   1.61214  0.56503 -0.01143 -0.94948  0.005414  0.002111  0.003342     2.565
   1.62928  0.58215 -0.01076 -0.94942  0.005501  0.002143  0.003281     2.567
   1.64639  0.59926 -0.01011 -0.94941  0.005582  0.002174  0.003232     2.567
   1.66350  0.61635 -0.00947 -0.94942  0.005660  0.002205  0.003187     2.567
   1.68058  0.63342 -0.00885 -0.94952  0.005730  0.002234  0.003156     2.565
   1.69766  0.65049 -0.00825 -0.94967  0.005795  0.002262  0.003131     2.562
   1.71473  0.66755 -0.00768 -0.94991  0.005855  0.002289  0.003114     2.558
   1.73178  0.68459 -0.00712 -0.95024  0.005908  0.002314  0.003106     2.553
   1.74883  0.70164 -0.00659 -0.95066  0.005956  0.002339  0.003104     2.546
   1.76588  0.71867 -0.00608 -0.95122  0.005996  0.002362  0.003112     2.539
   1.78292  0.73570 -0.00560 -0.95188  0.006032  0.002384  0.003124     2.530
   1.79995  0.75273 -0.00514 -0.95268  0.006059  0.002404  0.003146     2.520
   1.81698  0.76976 -0.00471 -0.95360  0.006082  0.002423  0.003173     2.510
   1.83401  0.78678 -0.00431 -0.95470  0.006097  0.002441  0.003209     2.498
   1.85104  0.80381 -0.00393 -0.95595  0.006105  0.002456  0.003252     2.486
   1.86807  0.82084 -0.00357 -0.95740  0.006105  0.002470  0.003305     2.472
   1.88510  0.83786 -0.00324 -0.95904  0.006099  0.002482  0.003365     2.457
   1.90213  0.85489 -0.00294 -0.96095  0.006080  0.002492  0.003440     2.440
   1.91914  0.87190 -0.00266 -0.96308  0.006056  0.002499  0.003523     2.423
   1.93613  0.88889 -0.00241 -0.96551  0.006021  0.002504  0.003620     2.405
   1.95305  0.90581 -0.00218 -0.96833  0.005971  0.002505  0.003739     2.384
   1.96983  0.92258 -0.00197 -0.97157  0.005907  0.002502  0.003879     2.360
   1.98627  0.93902 -0.00179 -0.97530  0.005825  0.002495  0.004049     2.335
   2.00209  0.95483 -0.00163 -0.97964  0.005721  0.002482  0.004259     2.305
   2.01678  0.96953 -0.00150 -0.98456  0.005595  0.002462  0.004512     2.272
   2.02984  0.98258 -0.00139 -0.99022  0.005438  0.002434  0.004833     2.234
   2.04093  0.99368 -0.00131 -0.99636  0.005265  0.002399  0.005204     2.195
   2.04725  1.00000 -0.00126 -1.00414  0.004990  0.002340  0.005837     2.133
   2.04725  1.00010 -0.00001  1.00414  0.067020  0.017350  0.000000     3.863
   2.05356  1.00636 -0.00081  1.00085  0.066296  0.017684  0.000000     3.749
   2.06096  1.01371 -0.00162  0.99556  0.065283  0.018223  0.000000     3.582
   2.06964  1.02235 -0.00249  0.98950  0.064011  0.018844  0.000000     3.397
   2.07981  1.03248 -0.00344  0.98351  0.062414  0.019461  0.000000     3.207
   2.09174  1.04436 -0.00448  0.97718  0.060488  0.020114  0.000000     3.007
   2.10574  1.05831 -0.00560  0.97068  0.058208  0.020783  0.000000     2.801
   2.12215  1.07467 -0.00682  0.96431  0.055554  0.021436  0.000000     2.592
   2.14139  1.09387 -0.00813  0.95849  0.052535  0.022026  0.000000     2.385
   2.16396  1.11640 -0.00953  0.95372  0.049191  0.022502  0.000000     2.186
   2.19042  1.14282 -0.01100  0.95050  0.045611  0.022816  0.000000     1.999
   2.22145  1.17381 -0.01254  0.94926  0.041930  0.022932  0.000000     1.828
   2.25784  1.21017 -0.01412  0.95020  0.038314  0.022847  0.000000     1.677
   2.30052  1.25282 -0.01571  0.95315  0.034930  0.022593  0.000000     1.546
   2.35057  1.30284 -0.01726  0.95762  0.031909  0.022227  0.000000     1.436
   2.40926  1.36151 -0.01872  0.96293  0.029320  0.021814  0.000000     1.344
   2.47809  1.43033 -0.02002  0.96843  0.027169  0.021407  0.000000     1.269
   2.55880  1.51103 -0.02106  0.97365  0.025422  0.021038  0.000000     1.208
   2.65345  1.60568 -0.02172  0.97834  0.024026  0.020719  0.000000     1.160
   2.76445  1.71668 -0.02187  0.98241  0.022926  0.020450  0.000000     1.121
   2.89461  1.84684 -0.02134  0.98584  0.022072  0.020230  0.000000     1.091
   3.04725  1.99948 -0.01991  0.99041  0.021296  0.019944  0.000000     1.068
