NACA 4412                                       
 Alfa =  -0.05000 Re =    60000.000 Xflap,Yflap =     0.000000    0.000000
#    x        y        Cp  
   1.00000  0.00126 -0.02384
   0.99392  0.00292 -0.03206
   0.98333  0.00577 -0.04706
   0.97098  0.00904 -0.06577
   0.95718  0.01262 -0.08846
   0.94237  0.01638 -0.11522
   0.92696  0.02021 -0.14652
   0.91123  0.02403 -0.18283
   0.89533  0.02780 -0.22527
   0.87933  0.03149 -0.27688
   0.86327  0.03511 -0.31761
   0.84718  0.03864 -0.31830
   0.83106  0.04208 -0.31893
   0.81492  0.04544 -0.31954
   0.79875  0.04870 -0.32015
   0.78258  0.05188 -0.32079
   0.76638  0.05496 -0.32147
   0.75017  0.05796 -0.32223
   0.73395  0.06086 -0.32307
   0.71772  0.06368 -0.32404
   0.70148  0.06640 -0.32516
   0.68523  0.06902 -0.32647
   0.66898  0.07155 -0.32803
   0.65272  0.07398 -0.32987
   0.63645  0.07632 -0.33208
   0.62019  0.07855 -0.33472
   0.60392  0.08069 -0.33790
   0.58766  0.08272 -0.34171
   0.57140  0.08465 -0.34630
   0.55514  0.08647 -0.35183
   0.53889  0.08818 -0.35847
   0.52265  0.08978 -0.36641
   0.50642  0.09127 -0.37582
   0.49021  0.09264 -0.38682
   0.47402  0.09390 -0.39933
   0.45785  0.09503 -0.41337
   0.44172  0.09603 -0.42919
   0.42564  0.09690 -0.44679
   0.40965  0.09765 -0.46594
   0.39382  0.09824 -0.48636
   0.37817  0.09865 -0.50639
   0.36263  0.09885 -0.52498
   0.34716  0.09884 -0.54169
   0.33174  0.09863 -0.55608
   0.31639  0.09821 -0.56801
   0.30109  0.09757 -0.57734
   0.28586  0.09672 -0.58403
   0.27069  0.09564 -0.58805
   0.25561  0.09433 -0.58926
   0.24061  0.09280 -0.58778
   0.22571  0.09103 -0.58339
   0.21092  0.08902 -0.57605
   0.19626  0.08678 -0.56568
   0.18175  0.08429 -0.55195
   0.16741  0.08155 -0.53487
   0.15327  0.07856 -0.51401
   0.13937  0.07533 -0.48937
   0.12576  0.07185 -0.46060
   0.11254  0.06815 -0.42683
   0.09978  0.06426 -0.38889
   0.08762  0.06020 -0.34565
   0.07622  0.05606 -0.29753
   0.06572  0.05190 -0.24463
   0.05625  0.04782 -0.18764
   0.04786  0.04389 -0.12687
   0.04055  0.04017 -0.06323
   0.03423  0.03668  0.00316
   0.02879  0.03343  0.07198
   0.02411  0.03040  0.14295
   0.02008  0.02756  0.21669
   0.01660  0.02489  0.29355
   0.01357  0.02236  0.37400
   0.01095  0.01995  0.45711
   0.00867  0.01764  0.54317
   0.00671  0.01541  0.63155
   0.00502  0.01324  0.72124
   0.00360  0.01113  0.80694
   0.00242  0.00906  0.88697
   0.00148  0.00703  0.95089
   0.00077  0.00504  0.99159
   0.00029  0.00309  0.99737
   0.00004  0.00120  0.95952
   0.00001 -0.00064  0.87400
   0.00020 -0.00249  0.73287
   0.00065 -0.00436  0.53769
   0.00137 -0.00623  0.31151
   0.00239 -0.00805  0.07981
   0.00369 -0.00980 -0.12655
   0.00527 -0.01148 -0.29419
   0.00712 -0.01307 -0.42132
   0.00925 -0.01459 -0.51106
   0.01167 -0.01603 -0.57038
   0.01438 -0.01741 -0.60597
   0.01744 -0.01873 -0.62430
   0.02087 -0.02000 -0.62921
   0.02476 -0.02123 -0.62421
   0.02916 -0.02242 -0.61149
   0.03419 -0.02357 -0.59240
   0.03998 -0.02467 -0.56868
   0.04667 -0.02572 -0.54097
   0.05445 -0.02670 -0.50988
   0.06345 -0.02758 -0.47627
   0.07377 -0.02833 -0.44113
   0.08543 -0.02891 -0.40542
   0.09832 -0.02929 -0.37026
   0.11223 -0.02947 -0.33658
   0.12696 -0.02945 -0.30495
   0.14228 -0.02924 -0.27567
   0.15806 -0.02887 -0.24884
   0.17418 -0.02837 -0.22427
   0.19056 -0.02776 -0.20186
   0.20714 -0.02707 -0.18137
   0.22389 -0.02630 -0.16263
   0.24078 -0.02549 -0.14546
   0.25777 -0.02465 -0.12974
   0.27484 -0.02379 -0.11530
   0.29194 -0.02292 -0.10210
   0.30901 -0.02207 -0.09003
   0.32603 -0.02124 -0.07906
   0.34301 -0.02043 -0.06913
   0.35994 -0.01967 -0.06022
   0.37686 -0.01894 -0.05235
   0.39378 -0.01827 -0.04561
   0.41076 -0.01762 -0.04006
   0.42781 -0.01697 -0.03491
   0.44491 -0.01629 -0.03011
   0.46204 -0.01560 -0.02554
   0.47921 -0.01490 -0.02118
   0.49639 -0.01420 -0.01698
   0.51357 -0.01350 -0.01292
   0.53074 -0.01280 -0.00902
   0.54790 -0.01211 -0.00530
   0.56503 -0.01143 -0.00172
   0.58215 -0.01076  0.00169
   0.59926 -0.01011  0.00491
   0.61635 -0.00947  0.00798
   0.63342 -0.00885  0.01083
   0.65049 -0.00825  0.01349
   0.66755 -0.00768  0.01594
   0.68459 -0.00712  0.01818
   0.70164 -0.00659  0.02020
   0.71867 -0.00608  0.02196
   0.73570 -0.00560  0.02350
   0.75273 -0.00514  0.02477
   0.76976 -0.00471  0.02578
   0.78678 -0.00431  0.02649
   0.80381 -0.00393  0.02689
   0.82084 -0.00357  0.02695
   0.83786 -0.00324  0.02667
   0.85489 -0.00294  0.02592
   0.87190 -0.00266  0.02478
   0.88889 -0.00241  0.02308
   0.90581 -0.00218  0.02076
   0.92258 -0.00197  0.01770
   0.93902 -0.00179  0.01375
   0.95483 -0.00163  0.00876
   0.96953 -0.00150  0.00263
   0.98258 -0.00139 -0.00480
   0.99368 -0.00131 -0.01317
   1.00000 -0.00126 -0.02384
