#    s        x        y     Ue/Vinf    Dstar     Theta      Cf       H
   0.00000  1.00000  0.00126  0.99435  0.050090  0.017688  0.000546     2.832
   0.00630  0.99392  0.00292  0.99747  0.049747  0.017448  0.000487     2.851
   0.01727  0.98333  0.00577  1.00252  0.048949  0.017048  0.000414     2.871
   0.03004  0.97098  0.00904  1.00817  0.047870  0.016599  0.000356     2.884
   0.04430  0.95718  0.01262  1.01454  0.046551  0.016101  0.000314     2.891
   0.05958  0.94237  0.01638  1.02225  0.044329  0.015512  0.000377     2.858
   0.07546  0.92696  0.02021  1.03067  0.042212  0.014900  0.000438     2.833
   0.09164  0.91123  0.02403  1.03967  0.040265  0.014279  0.000489     2.820
   0.10799  0.89533  0.02780  1.04921  0.038509  0.013656  0.000527     2.820
   0.12441  0.87933  0.03149  1.05928  0.036937  0.013032  0.000548     2.834
   0.14087  0.86327  0.03511  1.06994  0.035544  0.012408  0.000551     2.865
   0.15734  0.84718  0.03864  1.08125  0.034305  0.011779  0.000537     2.912
   0.17383  0.83106  0.04208  1.09331  0.033207  0.011145  0.000523     2.980
   0.19032  0.81492  0.04544  1.10609  0.032020  0.010498  0.000549     3.050
   0.20680  0.79875  0.04870  1.12029  0.031277  0.009833  0.000477     3.181
   0.22329  0.78258  0.05188  1.13551  0.030429  0.009148  0.000436     3.326
   0.23978  0.76638  0.05496  1.15230  0.029673  0.008435  0.000371     3.518
   0.25626  0.75017  0.05796  1.17182  0.029241  0.007665  0.000205     3.815
   0.27274  0.73395  0.06086  1.19417  0.028965  0.006836 -0.000005     4.237
   0.28921  0.71772  0.06368  1.22156  0.028735  0.005889 -0.000209     4.879
   0.30568  0.70148  0.06640  1.24783  0.028793  0.005019 -0.000331     5.737
   0.32214  0.68523  0.06902  1.27721  0.028795  0.004120 -0.000379     6.989
   0.33859  0.66898  0.07155  1.31054  0.029346  0.003172 -0.000402     9.252
   0.35503  0.65272  0.07398  1.35691  0.027976  0.002032 -0.000653    13.771
   0.37146  0.63645  0.07632  1.35787  0.027754  0.002011 -0.000660    13.799
   0.38788  0.62019  0.07855  1.35871  0.027264  0.001994 -0.000667    13.672
   0.40429  0.60392  0.08069  1.35949  0.026585  0.001979 -0.000674    13.433
   0.42068  0.58766  0.08272  1.36022  0.025758  0.001965 -0.000682    13.107
   0.43705  0.57140  0.08465  1.36094  0.024816  0.001952 -0.000689    12.711
   0.45341  0.55514  0.08647  1.36166  0.023778  0.001940 -0.000697    12.256
   0.46975  0.53889  0.08818  1.36240  0.022663  0.001928 -0.000706    11.754
   0.48606  0.52265  0.08978  1.36318  0.021486  0.001916 -0.000715    11.213
   0.50236  0.50642  0.09127  1.36401  0.020257  0.001904 -0.000726    10.640
   0.51863  0.49021  0.09264  1.36493  0.018991  0.001891 -0.000738    10.044
   0.53487  0.47402  0.09390  1.36597  0.017696  0.001877 -0.000753     9.429
   0.55108  0.45785  0.09503  1.36717  0.016383  0.001862 -0.000770     8.800
   0.56725  0.44172  0.09603  1.36857  0.015061  0.001845 -0.000792     8.164
   0.58335  0.42564  0.09690  1.37026  0.013741  0.001826 -0.000820     7.527
   0.59935  0.40965  0.09765  1.37232  0.012436  0.001804 -0.000855     6.895
   0.61519  0.39382  0.09824  1.37485  0.011152  0.001779 -0.000901     6.270
   0.63085  0.37817  0.09865  1.37806  0.009966  0.001749 -0.000939     5.697
   0.64639  0.36263  0.09885  1.38213  0.008884  0.001715 -0.000938     5.180
   0.66187  0.34716  0.09884  1.38719  0.007910  0.001676 -0.000839     4.721
   0.67728  0.33174  0.09863  1.39336  0.007045  0.001631 -0.000577     4.319
   0.69264  0.31639  0.09821  1.40043  0.006286  0.001583 -0.000120     3.971
   0.70795  0.30109  0.09757  1.40857  0.005634  0.001530  0.000515     3.682
   0.72321  0.28586  0.09672  1.41775  0.005081  0.001473  0.001283     3.449
   0.73841  0.27069  0.09564  1.42764  0.004615  0.001414  0.002135     3.265
   0.75355  0.25561  0.09433  1.43780  0.004226  0.001354  0.003018     3.122
   0.76863  0.24061  0.09280  1.44787  0.003898  0.001294  0.003915     3.011
   0.78363  0.22571  0.09103  1.45755  0.003619  0.001237  0.004792     2.925
   0.79855  0.21092  0.08902  1.46668  0.003377  0.001182  0.005648     2.858
   0.81339  0.19626  0.08678  1.47519  0.003165  0.001128  0.006487     2.805
   0.82811  0.18175  0.08429  1.48303  0.002975  0.001077  0.007294     2.763
   0.84271  0.16741  0.08155  1.49028  0.002802  0.001026  0.008103     2.730
   0.85717  0.15327  0.07856  1.49693  0.002642  0.000977  0.008888     2.704
   0.87144  0.13937  0.07533  1.50309  0.002491  0.000928  0.009694     2.683
   0.88548  0.12576  0.07185  1.50882  0.002347  0.000880  0.010508     2.666
   0.89921  0.11254  0.06815  1.51418  0.002208  0.000832  0.011347     2.654
   0.91255  0.09978  0.06426  1.51930  0.002073  0.000784  0.012247     2.644
   0.92536  0.08762  0.06020  1.52423  0.001941  0.000736  0.013202     2.637
   0.93750  0.07622  0.05606  1.52905  0.001811  0.000689  0.014264     2.631
   0.94879  0.06572  0.05190  1.53378  0.001686  0.000642  0.015432     2.626
   0.95911  0.05625  0.04782  1.53845  0.001563  0.000596  0.016798     2.621
   0.96837  0.04786  0.04389  1.54296  0.001446  0.000553  0.018312     2.615
   0.97657  0.04055  0.04017  1.54715  0.001335  0.000512  0.020091     2.608
   0.98379  0.03423  0.03668  1.55090  0.001231  0.000474  0.022106     2.599
   0.99012  0.02879  0.03343  1.55406  0.001133  0.000438  0.024451     2.588
   0.99570  0.02411  0.03040  1.55633  0.001040  0.000404  0.027243     2.574
   1.00063  0.02008  0.02756  1.55736  0.000954  0.000373  0.030416     2.559
   1.00502  0.01660  0.02489  1.55688  0.000873  0.000343  0.034058     2.540
   1.00896  0.01357  0.02236  1.55423  0.000797  0.000316  0.038320     2.522
   1.01253  0.01095  0.01995  1.54899  0.000725  0.000290  0.043317     2.498
   1.01577  0.00867  0.01764  1.53980  0.000659  0.000266  0.049074     2.475
   1.01874  0.00671  0.01541  1.52596  0.000596  0.000244  0.055595     2.448
   1.02149  0.00502  0.01324  1.50546  0.000539  0.000223  0.062823     2.423
   1.02404  0.00360  0.01113  1.47663  0.000486  0.000203  0.071236     2.394
   1.02642  0.00242  0.00906  1.43648  0.000439  0.000186  0.079548     2.365
   1.02866  0.00148  0.00703  1.38233  0.000398  0.000170  0.087969     2.337
   1.03077  0.00077  0.00504  1.31150  0.000363  0.000157  0.094826     2.310
   1.03277  0.00029  0.00309  1.22126  0.000334  0.000146  0.100416     2.281
   1.03468  0.00004  0.00120  1.11273  0.000314  0.000138  0.098191     2.273
   1.03651  0.00001 -0.00064  0.98878  0.000296  0.000132  0.098830     2.245
   1.03838  0.00020 -0.00249  0.84341  0.000288  0.000128  0.085293     2.249
   1.04030  0.00065 -0.00436  0.67868  0.000279  0.000126  0.078782     2.219
   1.04230  0.00137 -0.00623  0.49942  0.000286  0.000128  0.055555     2.229
   1.04439  0.00239 -0.00805  0.32064  0.000291  0.000131  0.041145     2.220
   1.04657  0.00369 -0.00980  0.14935  0.000319  0.000144  0.020634     2.217
   1.04888  0.00527 -0.01148  0.00143  0.000354  0.000159  0.007769     2.230
   1.05132  0.00712 -0.01307 -0.12781  0.000305  0.000137  0.002512     2.229
   1.05393  0.00925 -0.01459 -0.24709  0.000439  0.000194  0.011436     2.263
   1.05675  0.01167 -0.01603 -0.33812  0.000453  0.000204  0.014274     2.217
   1.05979  0.01438 -0.01741 -0.42170  0.000509  0.000222  0.019143     2.294
   1.06312  0.01744 -0.01873 -0.48854  0.000562  0.000247  0.018721     2.279
   1.06679  0.02087 -0.02000 -0.54836  0.000620  0.000270  0.020827     2.297
   1.07086  0.02476 -0.02123 -0.59898  0.000687  0.000297  0.019712     2.312
   1.07542  0.02916 -0.02242 -0.64330  0.000758  0.000326  0.019793     2.323
   1.08058  0.03419 -0.02357 -0.68159  0.000839  0.000359  0.018613     2.339
   1.08647  0.03998 -0.02467 -0.71548  0.000925  0.000394  0.017823     2.350
   1.09325  0.04667 -0.02572 -0.74523  0.001024  0.000433  0.016602     2.365
   1.10108  0.05445 -0.02670 -0.77097  0.001136  0.000477  0.015383     2.381
   1.11013  0.06345 -0.02758 -0.79320  0.001258  0.000525  0.014160     2.395
   1.12048  0.07377 -0.02833 -0.81201  0.001394  0.000578  0.012950     2.410
   1.13215  0.08543 -0.02891 -0.82761  0.001541  0.000635  0.011791     2.425
   1.14504  0.09832 -0.02929 -0.84008  0.001699  0.000696  0.010731     2.442
   1.15896  0.11223 -0.02947 -0.84982  0.001863  0.000758  0.009775     2.456
   1.17368  0.12696 -0.02945 -0.85726  0.002030  0.000822  0.008941     2.470
   1.18901  0.14228 -0.02924 -0.86281  0.002199  0.000885  0.008199     2.484
   1.20480  0.15806 -0.02887 -0.86698  0.002365  0.000948  0.007578     2.496
   1.22092  0.17418 -0.02837 -0.86999  0.002533  0.001010  0.007023     2.508
   1.23731  0.19056 -0.02776 -0.87220  0.002695  0.001071  0.006549     2.517
   1.25391  0.20714 -0.02707 -0.87378  0.002854  0.001130  0.006142     2.526
   1.27067  0.22389 -0.02630 -0.87495  0.003009  0.001188  0.005786     2.534
   1.28758  0.24078 -0.02549 -0.87580  0.003159  0.001244  0.005484     2.540
   1.30460  0.25777 -0.02465 -0.87646  0.003303  0.001298  0.005222     2.545
   1.32169  0.27484 -0.02379 -0.87700  0.003441  0.001350  0.004998     2.548
   1.33881  0.29194 -0.02292 -0.87758  0.003567  0.001400  0.004824     2.547
   1.35590  0.30901 -0.02207 -0.87820  0.003687  0.001448  0.004673     2.546
   1.37294  0.32603 -0.02124 -0.87889  0.003795  0.001493  0.004557     2.542
   1.38994  0.34301 -0.02043 -0.87986  0.003890  0.001535  0.004480     2.534
   1.40689  0.35994 -0.01967 -0.88106  0.003971  0.001574  0.004436     2.523
   1.42382  0.37686 -0.01894 -0.88271  0.004037  0.001608  0.004434     2.510
   1.44075  0.39378 -0.01827 -0.88491  0.004080  0.001638  0.004484     2.490
   1.45775  0.41076 -0.01762 -0.88783  0.004099  0.001663  0.004589     2.465
   1.47481  0.42781 -0.01697 -0.89035  0.004155  0.001692  0.004568     2.456
   1.49192  0.44491 -0.01629 -0.89257  0.004227  0.001722  0.004498     2.455
   1.50907  0.46204 -0.01560 -0.89443  0.004313  0.001754  0.004388     2.459
   1.52625  0.47921 -0.01490 -0.89610  0.004401  0.001786  0.004279     2.465
   1.54344  0.49639 -0.01420 -0.89757  0.004493  0.001818  0.004166     2.471
   1.56064  0.51357 -0.01350 -0.89880  0.004587  0.001851  0.004048     2.478
   1.57783  0.53074 -0.01280 -0.90000  0.004677  0.001883  0.003953     2.484
   1.59499  0.54790 -0.01211 -0.90106  0.004764  0.001915  0.003859     2.488
   1.61214  0.56503 -0.01143 -0.90208  0.004849  0.001946  0.003774     2.492
   1.62928  0.58215 -0.01076 -0.90307  0.004931  0.001976  0.003700     2.495
   1.64639  0.59926 -0.01011 -0.90402  0.005007  0.002006  0.003632     2.496
   1.66350  0.61635 -0.00947 -0.90497  0.005082  0.002035  0.003573     2.497
   1.68058  0.63342 -0.00885 -0.90598  0.005147  0.002062  0.003528     2.496
   1.69766  0.65049 -0.00825 -0.90701  0.005211  0.002089  0.003486     2.494
   1.71473  0.66755 -0.00768 -0.90810  0.005268  0.002115  0.003454     2.491
   1.73178  0.68459 -0.00712 -0.90927  0.005320  0.002139  0.003430     2.487
   1.74883  0.70164 -0.00659 -0.91050  0.005369  0.002163  0.003409     2.483
   1.76588  0.71867 -0.00608 -0.91181  0.005409  0.002185  0.003402     2.476
   1.78292  0.73570 -0.00560 -0.91323  0.005448  0.002206  0.003393     2.470
   1.79995  0.75273 -0.00514 -0.91480  0.005479  0.002225  0.003395     2.462
   1.81698  0.76976 -0.00471 -0.91641  0.005508  0.002244  0.003390     2.455
   1.83401  0.78678 -0.00431 -0.91816  0.005529  0.002261  0.003395     2.446
   1.85104  0.80381 -0.00393 -0.92003  0.005546  0.002276  0.003405     2.436
   1.86807  0.82084 -0.00357 -0.92215  0.005553  0.002289  0.003428     2.426
   1.88510  0.83786 -0.00324 -0.92434  0.005558  0.002302  0.003444     2.414
   1.90213  0.85489 -0.00294 -0.92676  0.005552  0.002312  0.003468     2.401
   1.91914  0.87190 -0.00266 -0.92933  0.005541  0.002321  0.003489     2.387
   1.93613  0.88889 -0.00241 -0.93215  0.005521  0.002328  0.003520     2.372
   1.95305  0.90581 -0.00218 -0.93531  0.005487  0.002331  0.003561     2.354
   1.96983  0.92258 -0.00197 -0.93886  0.005442  0.002331  0.003607     2.335
   1.98627  0.93902 -0.00179 -0.94272  0.005382  0.002327  0.003652     2.313
   2.00209  0.95483 -0.00163 -0.94699  0.005302  0.002319  0.003697     2.287
   2.01678  0.96953 -0.00150 -0.95148  0.005206  0.002307  0.003724     2.257
   2.02984  0.98258 -0.00139 -0.95619  0.005084  0.002289  0.003729     2.221
   2.04093  0.99368 -0.00131 -0.96066  0.004953  0.002269  0.003684     2.183
   2.04725  1.00000 -0.00126 -0.96557  0.004733  0.002233  0.003720     2.120
   2.04725  1.00010 -0.00001  0.96386  0.057377  0.019920  0.000000     2.880
   2.05356  1.00636 -0.00081  0.95955  0.056309  0.020343  0.000000     2.768
   2.06096  1.01372 -0.00159  0.95669  0.054856  0.020601  0.000000     2.663
   2.06964  1.02235 -0.00243  0.95355  0.053154  0.020867  0.000000     2.547
   2.07981  1.03249 -0.00334  0.95040  0.051301  0.021121  0.000000     2.429
   2.09174  1.04438 -0.00430  0.94741  0.049260  0.021344  0.000000     2.308
   2.10574  1.05833 -0.00533  0.94474  0.047011  0.021521  0.000000     2.184
   2.12215  1.07471 -0.00641  0.94265  0.044566  0.021630  0.000000     2.060
   2.14139  1.09392 -0.00755  0.94145  0.041957  0.021651  0.000000     1.938
   2.16396  1.11645 -0.00871  0.94146  0.039250  0.021568  0.000000     1.820
   2.19042  1.14289 -0.00989  0.94280  0.036526  0.021383  0.000000     1.708
   2.22145  1.17390 -0.01104  0.94551  0.033878  0.021109  0.000000     1.605
   2.25784  1.21028 -0.01212  0.94949  0.031398  0.020769  0.000000     1.512
   2.30052  1.25295 -0.01307  0.95424  0.029142  0.020401  0.000000     1.428
   2.35057  1.30299 -0.01382  0.95941  0.027144  0.020030  0.000000     1.355
   2.40926  1.36168 -0.01426  0.96455  0.025402  0.019682  0.000000     1.291
   2.47809  1.43050 -0.01427  0.96951  0.023913  0.019365  0.000000     1.235
   2.55880  1.51121 -0.01370  0.97410  0.022658  0.019083  0.000000     1.187
   2.65345  1.60585 -0.01235  0.97828  0.021620  0.018840  0.000000     1.148
   2.76445  1.71682 -0.00999  0.98195  0.020773  0.018632  0.000000     1.115
   2.89461  1.84694 -0.00635  0.98512  0.020094  0.018457  0.000000     1.089
   3.04725  1.99949 -0.00109  0.98918  0.019479  0.018241  0.000000     1.068
