#    s        x        y     Ue/Vinf    Dstar     Theta      Cf       H
   0.00000  1.00000  0.00126  1.03646  0.056207  0.003920 -0.000236    14.340
   0.00630  0.99392  0.00292  1.04337  0.055190  0.003501 -0.000239    15.765
   0.01727  0.98333  0.00577  1.05732  0.053299  0.002693 -0.000246    19.794
   0.03004  0.97098  0.00904  1.06278  0.051548  0.002399 -0.000419    21.489
   0.04430  0.95718  0.01262  1.06279  0.049774  0.002401 -0.000419    20.731
   0.05958  0.94237  0.01638  1.06278  0.047815  0.002404 -0.000419    19.891
   0.07546  0.92696  0.02021  1.06278  0.045746  0.002407 -0.000419    19.004
   0.09164  0.91123  0.02403  1.06277  0.043623  0.002411 -0.000420    18.097
   0.10799  0.89533  0.02780  1.06277  0.041485  0.002414 -0.000420    17.187
   0.12441  0.87933  0.03149  1.06277  0.039347  0.002416 -0.000421    16.283
   0.14087  0.86327  0.03511  1.06280  0.037230  0.002418 -0.000422    15.394
   0.15734  0.84718  0.03864  1.06285  0.035141  0.002420 -0.000423    14.523
   0.17383  0.83106  0.04208  1.06293  0.033086  0.002420 -0.000425    13.672
   0.19032  0.81492  0.04544  1.06304  0.031073  0.002419 -0.000428    12.846
   0.20680  0.79875  0.04870  1.06321  0.029109  0.002417 -0.000431    12.046
   0.22329  0.78258  0.05188  1.06344  0.027195  0.002412 -0.000434    11.273
   0.23978  0.76638  0.05496  1.06375  0.025339  0.002407 -0.000439    10.529
   0.25626  0.75017  0.05796  1.06416  0.023542  0.002399 -0.000444     9.815
   0.27274  0.73395  0.06086  1.06469  0.021812  0.002388 -0.000452     9.133
   0.28921  0.71772  0.06368  1.06536  0.020152  0.002375 -0.000460     8.484
   0.30568  0.70148  0.06640  1.06621  0.018566  0.002359 -0.000471     7.869
   0.32214  0.68523  0.06902  1.06728  0.017057  0.002340 -0.000485     7.288
   0.33859  0.66898  0.07155  1.06861  0.015632  0.002318 -0.000502     6.744
   0.35503  0.65272  0.07398  1.07025  0.014292  0.002291 -0.000524     6.237
   0.37146  0.63645  0.07632  1.07227  0.013041  0.002261 -0.000548     5.768
   0.38788  0.62019  0.07855  1.07473  0.011883  0.002226 -0.000563     5.338
   0.40429  0.60392  0.08069  1.07770  0.010821  0.002187 -0.000558     4.949
   0.42068  0.58766  0.08272  1.08121  0.009853  0.002143 -0.000509     4.598
   0.43705  0.57140  0.08465  1.08528  0.008982  0.002095 -0.000393     4.288
   0.45341  0.55514  0.08647  1.08983  0.008202  0.002043 -0.000199     4.014
   0.46975  0.53889  0.08818  1.09491  0.007511  0.001989  0.000072     3.777
   0.48606  0.52265  0.08978  1.10054  0.006903  0.001930  0.000409     3.577
   0.50236  0.50642  0.09127  1.10662  0.006373  0.001869  0.000793     3.410
   0.51863  0.49021  0.09264  1.11304  0.005909  0.001805  0.001212     3.273
   0.53487  0.47402  0.09390  1.11962  0.005504  0.001741  0.001648     3.160
   0.55108  0.45785  0.09503  1.12627  0.005140  0.001678  0.002111     3.064
   0.56725  0.44172  0.09603  1.13288  0.004813  0.001614  0.002594     2.981
   0.58335  0.42564  0.09690  1.13939  0.004509  0.001552  0.003121     2.906
   0.59935  0.40965  0.09765  1.14577  0.004218  0.001490  0.003721     2.832
   0.61519  0.39382  0.09824  1.15206  0.003924  0.001427  0.004481     2.750
   0.63085  0.37817  0.09865  1.15729  0.003676  0.001368  0.005209     2.686
   0.64639  0.36263  0.09885  1.16136  0.003465  0.001314  0.005889     2.636
   0.66187  0.34716  0.09884  1.16430  0.003280  0.001264  0.006534     2.595
   0.67728  0.33174  0.09863  1.16611  0.003116  0.001216  0.007153     2.562
   0.69264  0.31639  0.09821  1.16681  0.002967  0.001171  0.007750     2.534
   0.70795  0.30109  0.09757  1.16637  0.002831  0.001128  0.008329     2.511
   0.72321  0.28586  0.09672  1.16480  0.002705  0.001086  0.008898     2.490
   0.73841  0.27069  0.09564  1.16204  0.002586  0.001046  0.009457     2.473
   0.75355  0.25561  0.09433  1.15808  0.002474  0.001007  0.010013     2.457
   0.76863  0.24061  0.09280  1.15286  0.002367  0.000969  0.010572     2.443
   0.78363  0.22571  0.09103  1.14628  0.002264  0.000931  0.011129     2.431
   0.79855  0.21092  0.08902  1.13826  0.002165  0.000894  0.011683     2.420
   0.81339  0.19626  0.08678  1.12874  0.002067  0.000858  0.012261     2.410
   0.82811  0.18175  0.08429  1.11749  0.001973  0.000822  0.012821     2.402
   0.84271  0.16741  0.08155  1.10452  0.001878  0.000785  0.013437     2.392
   0.85717  0.15327  0.07856  1.08942  0.001786  0.000749  0.014037     2.385
   0.87144  0.13937  0.07533  1.07213  0.001694  0.000713  0.014670     2.378
   0.88548  0.12576  0.07185  1.05233  0.001602  0.000676  0.015351     2.370
   0.89921  0.11254  0.06815  1.02961  0.001511  0.000639  0.016010     2.364
   0.91255  0.09978  0.06426  1.00391  0.001418  0.000602  0.016751     2.357
   0.92536  0.08762  0.06020  0.97472  0.001327  0.000565  0.017480     2.351
   0.93750  0.07622  0.05606  0.94201  0.001237  0.000528  0.018256     2.344
   0.94879  0.06572  0.05190  0.90558  0.001148  0.000491  0.019039     2.336
   0.95911  0.05625  0.04782  0.86561  0.001064  0.000457  0.019738     2.331
   0.96837  0.04786  0.04389  0.82242  0.000982  0.000423  0.020510     2.321
   0.97657  0.04055  0.04017  0.77580  0.000908  0.000392  0.021046     2.315
   0.98379  0.03423  0.03668  0.72633  0.000838  0.000363  0.021527     2.306
   0.99012  0.02879  0.03343  0.67364  0.000774  0.000337  0.021763     2.299
   0.99570  0.02411  0.03040  0.61768  0.000715  0.000312  0.021749     2.292
   1.00063  0.02008  0.02756  0.55766  0.000659  0.000289  0.021522     2.282
   1.00502  0.01660  0.02489  0.49248  0.000609  0.000268  0.020735     2.273
   1.00896  0.01357  0.02236  0.42214  0.000563  0.000248  0.019314     2.267
   1.01253  0.01095  0.01995  0.34549  0.000518  0.000229  0.017337     2.258
   1.01577  0.00867  0.01764  0.25998  0.000480  0.000214  0.014301     2.241
   1.01874  0.00671  0.01541  0.16738  0.000444  0.000197  0.009843     2.253
   1.02149  0.00502  0.01324  0.06133  0.000392  0.000176  0.004170     2.230
   1.02404  0.00360  0.01113 -0.05524  0.000392  0.000176  0.003758     2.230
   1.02642  0.00242  0.00906 -0.18339  0.000347  0.000157  0.014308     2.213
   1.02866  0.00148  0.00703 -0.32644  0.000328  0.000147  0.026644     2.225
   1.03077  0.00077  0.00504 -0.48105  0.000307  0.000139  0.042615     2.208
   1.03277  0.00029  0.00309 -0.64361  0.000296  0.000133  0.058545     2.220
   1.03468  0.00004  0.00120 -0.80942  0.000286  0.000129  0.076581     2.214
   1.03651  0.00001 -0.00064 -0.97332  0.000283  0.000127  0.092279     2.224
   1.03838  0.00020 -0.00249 -1.13728  0.000283  0.000127  0.106884     2.231
   1.04030  0.00065 -0.00436 -1.29275  0.000292  0.000130  0.115459     2.252
   1.04230  0.00137 -0.00623 -1.42284  0.000315  0.000138  0.114152     2.289
   1.04439  0.00239 -0.00805 -1.52212  0.000347  0.000149  0.107203     2.324
   1.04657  0.00369 -0.00980 -1.58752  0.000394  0.000166  0.093080     2.381
   1.04888  0.00527 -0.01148 -1.62312  0.000456  0.000186  0.077372     2.443
   1.05132  0.00712 -0.01307 -1.63588  0.000532  0.000211  0.061812     2.516
   1.05393  0.00925 -0.01459 -1.63235  0.000625  0.000240  0.047774     2.601
   1.05675  0.01167 -0.01603 -1.61757  0.000739  0.000273  0.035494     2.703
   1.05979  0.01438 -0.01741 -1.59597  0.000873  0.000310  0.025484     2.819
   1.06312  0.01744 -0.01873 -1.56986  0.001041  0.000350  0.016882     2.971
   1.06679  0.02087 -0.02000 -1.54173  0.001248  0.000394  0.009970     3.162
   1.07086  0.02476 -0.02123 -1.51348  0.001507  0.000441  0.004532     3.415
   1.07542  0.02916 -0.02242 -1.48688  0.001839  0.000490  0.000589     3.752
   1.08058  0.03419 -0.02357 -1.46313  0.002261  0.000539 -0.001775     4.199
   1.08647  0.03998 -0.02467 -1.44257  0.002799  0.000587 -0.002667     4.770
   1.09325  0.04667 -0.02572 -1.42569  0.003476  0.000634 -0.002625     5.486
   1.10108  0.05445 -0.02670 -1.41231  0.004316  0.000678 -0.002318     6.367
   1.11013  0.06345 -0.02758 -1.40180  0.005329  0.000719 -0.002064     7.409
   1.12048  0.07377 -0.02833 -1.39349  0.006506  0.000758 -0.001883     8.585
   1.13215  0.08543 -0.02891 -1.38686  0.007823  0.000794 -0.001749     9.854
   1.14504  0.09832 -0.02929 -1.38144  0.009222  0.000828 -0.001646    11.140
   1.15896  0.11223 -0.02947 -1.37686  0.010631  0.000861 -0.001562    12.353
   1.17368  0.12696 -0.02945 -1.37284  0.011973  0.000893 -0.001491    13.411
   1.18901  0.14228 -0.02924 -1.36915  0.013175  0.000926 -0.001428    14.236
   1.20480  0.15806 -0.02887 -1.36562  0.014163  0.000960 -0.001370    14.757
   1.22092  0.17418 -0.02837 -1.36210  0.014860  0.000996 -0.001316    14.913
   1.23731  0.19056 -0.02776 -1.35839  0.015154  0.001037 -0.001262    14.612
   1.25391  0.20714 -0.02707 -1.31156  0.015178  0.001665 -0.000378     9.117
   1.27067  0.22389 -0.02630 -1.25438  0.014851  0.002538 -0.000334     5.850
   1.28758  0.24078 -0.02549 -1.20305  0.014265  0.003402 -0.000148     4.193
   1.30460  0.25777 -0.02465 -1.16346  0.013558  0.004123  0.000534     3.288
   1.32169  0.27484 -0.02379 -1.13560  0.012855  0.004663  0.001339     2.756
   1.33881  0.29194 -0.02292 -1.11580  0.012222  0.005067  0.002045     2.412
   1.35590  0.30901 -0.02207 -1.10153  0.011694  0.005372  0.002631     2.177
   1.37294  0.32603 -0.02124 -1.09104  0.011261  0.005607  0.003109     2.008
   1.38994  0.34301 -0.02043 -1.08312  0.010914  0.005795  0.003497     1.884
   1.40689  0.35994 -0.01967 -1.07703  0.010633  0.005948  0.003815     1.788
   1.42382  0.37686 -0.01894 -1.07228  0.010402  0.006077  0.004080     1.712
   1.44075  0.39378 -0.01827 -1.06883  0.010197  0.006181  0.004452     1.650
   1.45775  0.41076 -0.01762 -1.06654  0.010008  0.006264  0.004799     1.598
   1.47481  0.42781 -0.01697 -1.06392  0.009895  0.006356  0.005083     1.557
   1.49192  0.44491 -0.01629 -1.06126  0.009833  0.006452  0.005311     1.524
   1.50907  0.46204 -0.01560 -1.05851  0.009812  0.006553  0.005491     1.497
   1.52625  0.47921 -0.01490 -1.05573  0.009823  0.006656  0.005631     1.476
   1.54344  0.49639 -0.01420 -1.05292  0.009859  0.006762  0.005739     1.458
   1.56064  0.51357 -0.01350 -1.05008  0.009916  0.006871  0.005819     1.443
   1.57783  0.53074 -0.01280 -1.04731  0.009986  0.006979  0.005879     1.431
   1.59499  0.54790 -0.01211 -1.04460  0.010068  0.007088  0.005922     1.420
   1.61214  0.56503 -0.01143 -1.04192  0.010159  0.007197  0.005950     1.412
   1.62928  0.58215 -0.01076 -1.03935  0.010257  0.007305  0.005969     1.404
   1.64639  0.59926 -0.01011 -1.03687  0.010359  0.007413  0.005978     1.397
   1.66350  0.61635 -0.00947 -1.03450  0.010464  0.007518  0.005981     1.392
   1.68058  0.63342 -0.00885 -1.03225  0.010570  0.007622  0.005979     1.387
   1.69766  0.65049 -0.00825 -1.03013  0.010677  0.007723  0.005974     1.382
   1.71473  0.66755 -0.00768 -1.02815  0.010783  0.007822  0.005966     1.379
   1.73178  0.68459 -0.00712 -1.02628  0.010889  0.007919  0.005956     1.375
   1.74883  0.70164 -0.00659 -1.02458  0.010992  0.008012  0.005946     1.372
   1.76588  0.71867 -0.00608 -1.02301  0.011092  0.008101  0.005936     1.369
   1.78292  0.73570 -0.00560 -1.02159  0.011189  0.008188  0.005926     1.367
   1.79995  0.75273 -0.00514 -1.02034  0.011281  0.008270  0.005917     1.364
   1.81698  0.76976 -0.00471 -1.01923  0.011370  0.008349  0.005909     1.362
   1.83401  0.78678 -0.00431 -1.01829  0.011453  0.008423  0.005902     1.360
   1.85104  0.80381 -0.00393 -1.01755  0.011529  0.008493  0.005899     1.358
   1.86807  0.82084 -0.00357 -1.01697  0.011600  0.008557  0.005897     1.356
   1.88510  0.83786 -0.00324 -1.01658  0.011664  0.008617  0.005898     1.354
   1.90213  0.85489 -0.00294 -1.01646  0.011716  0.008669  0.005905     1.351
   1.91914  0.87190 -0.00266 -1.01649  0.011763  0.008717  0.005914     1.349
   1.93613  0.88889 -0.00241 -1.01685  0.011796  0.008755  0.005929     1.347
   1.95305  0.90581 -0.00218 -1.01748  0.011817  0.008786  0.005950     1.345
   1.96983  0.92258 -0.00197 -1.01849  0.011821  0.008805  0.005980     1.343
   1.98627  0.93902 -0.00179 -1.01991  0.011806  0.008811  0.006019     1.340
   2.00209  0.95483 -0.00163 -1.02184  0.011766  0.008802  0.006070     1.337
   2.01678  0.96953 -0.00150 -1.02429  0.011700  0.008774  0.006135     1.333
   2.02984  0.98258 -0.00139 -1.02737  0.011601  0.008725  0.006217     1.330
   2.04093  0.99368 -0.00131 -1.03070  0.011486  0.008664  0.006305     1.326
   2.04725  1.00000 -0.00126 -1.03646  0.011244  0.008524  0.006469     1.319
   2.04725  1.00010 -0.00001  1.03646  0.069926  0.012444  0.000000     5.619
   2.05356  1.00636 -0.00082  1.03392  0.069184  0.012676  0.000000     5.458
   2.06096  1.01371 -0.00168  1.03023  0.068134  0.013013  0.000000     5.236
   2.06964  1.02233 -0.00265  1.02572  0.066833  0.013426  0.000000     4.978
   2.07981  1.03244 -0.00373  1.02016  0.065242  0.013934  0.000000     4.682
   2.09174  1.04431 -0.00496  1.01320  0.063316  0.014569  0.000000     4.346
   2.10574  1.05824 -0.00635  1.00430  0.061007  0.015382  0.000000     3.966
   2.12215  1.07457 -0.00793  0.99287  0.058276  0.016430  0.000000     3.547
   2.14139  1.09373 -0.00972  0.98160  0.055001  0.017464  0.000000     3.149
   2.16396  1.11620 -0.01174  0.97129  0.051205  0.018404  0.000000     2.782
   2.19042  1.14257 -0.01404  0.96260  0.046985  0.019184  0.000000     2.449
   2.22145  1.17349 -0.01663  0.95657  0.042514  0.019710  0.000000     2.157
   2.25784  1.20977 -0.01957  0.95393  0.038045  0.019930  0.000000     1.909
   2.30052  1.25231 -0.02290  0.95481  0.033863  0.019860  0.000000     1.705
   2.35057  1.30222 -0.02666  0.95854  0.030195  0.019582  0.000000     1.542
   2.40926  1.36076 -0.03093  0.96395  0.027157  0.019202  0.000000     1.414
   2.47809  1.42941 -0.03575  0.96986  0.024737  0.018811  0.000000     1.315
   2.55880  1.50994 -0.04123  0.97547  0.022856  0.018459  0.000000     1.238
   2.65345  1.60439 -0.04743  0.98039  0.021412  0.018163  0.000000     1.179
   2.76445  1.71516 -0.05448  0.98452  0.020313  0.017924  0.000000     1.133
   2.89461  1.84507 -0.06250  0.98789  0.019485  0.017734  0.000000     1.099
   3.04725  1.99745 -0.07163  0.99225  0.018766  0.017495  0.000000     1.073
