NACA 4412                                       
 Alfa =  37.80000 Re =    20000.000 Xflap,Yflap =     0.000000    0.000000
#    x        y        Cp  
   1.00000  0.00126 -1.26582
   0.99392  0.00292 -1.26696
   0.98333  0.00577 -1.26897
   0.97098  0.00904 -1.27130
   0.95718  0.01262 -1.27393
   0.94237  0.01638 -1.27677
   0.92696  0.02021 -1.27975
   0.91123  0.02403 -1.28284
   0.89533  0.02780 -1.28599
   0.87933  0.03149 -1.28920
   0.86327  0.03511 -1.29247
   0.84718  0.03864 -1.29579
   0.83106  0.04208 -1.29917
   0.81492  0.04544 -1.30260
   0.79875  0.04870 -1.30610
   0.78258  0.05188 -1.30966
   0.76638  0.05496 -1.31328
   0.75017  0.05796 -1.31698
   0.73395  0.06086 -1.32074
   0.71772  0.06368 -1.32459
   0.70148  0.06640 -1.32851
   0.68523  0.06902 -1.33251
   0.66898  0.07155 -1.33661
   0.65272  0.07398 -1.34080
   0.63645  0.07632 -1.34509
   0.62019  0.07855 -1.34948
   0.60392  0.08069 -1.35399
   0.58766  0.08272 -1.35861
   0.57140  0.08465 -1.36336
   0.55514  0.08647 -1.36825
   0.53889  0.08818 -1.37327
   0.52265  0.08978 -1.37845
   0.50642  0.09127 -1.38379
   0.49021  0.09264 -1.38931
   0.47402  0.09390 -1.39501
   0.45785  0.09503 -1.40092
   0.44172  0.09603 -1.40704
   0.42564  0.09690 -1.41340
   0.40965  0.09765 -1.41998
   0.39382  0.09824 -1.42679
   0.37817  0.09865 -1.43385
   0.36263  0.09885 -1.44121
   0.34716  0.09884 -1.44894
   0.33174  0.09863 -1.45709
   0.31639  0.09821 -1.46570
   0.30109  0.09757 -1.47499
   0.28586  0.09672 -1.48491
   0.27069  0.09564 -1.49554
   0.25561  0.09433 -1.50697
   0.24061  0.09280 -1.51933
   0.22571  0.09103 -1.53280
   0.21092  0.08902 -1.54757
   0.19626  0.08678 -1.56392
   0.18175  0.08429 -1.58223
   0.16741  0.08155 -1.60302
   0.15327  0.07856 -1.62694
   0.13937  0.07533 -1.65518
   0.12576  0.07185 -1.69014
   0.11254  0.06815 -1.73726
   0.09978  0.06426 -1.82758
   0.08762  0.06020 -1.83045
   0.07622  0.05606 -1.83351
   0.06572  0.05190 -1.83669
   0.05625  0.04782 -1.83990
   0.04786  0.04389 -1.84304
   0.04055  0.04017 -1.84597
   0.03423  0.03668 -1.84863
   0.02879  0.03343 -1.85094
   0.02411  0.03040 -1.85289
   0.02008  0.02756 -1.85449
   0.01660  0.02489 -1.85575
   0.01357  0.02236 -1.85675
   0.01095  0.01995 -1.85750
   0.00867  0.01764 -1.85820
   0.00671  0.01541 -1.85896
   0.00502  0.01324 -1.86013
   0.00360  0.01113 -1.86223
   0.00242  0.00906 -1.86627
   0.00148  0.00703 -1.87384
   0.00077  0.00504 -1.88810
   0.00029  0.00309 -1.91424
   0.00004  0.00120 -1.96092
   0.00001 -0.00064 -2.03719
   0.00020 -0.00249 -2.15533
   0.00065 -0.00436 -2.29324
   0.00137 -0.00623 -2.34878
   0.00239 -0.00805 -2.22193
   0.00369 -0.00980 -1.92961
   0.00527 -0.01148 -1.54464
   0.00712 -0.01307 -1.13368
   0.00925 -0.01459 -0.73963
   0.01167 -0.01603 -0.39475
   0.01438 -0.01741 -0.10238
   0.01744 -0.01873  0.14065
   0.02087 -0.02000  0.34522
   0.02476 -0.02123  0.51314
   0.02916 -0.02242  0.64746
   0.03419 -0.02357  0.75425
   0.03998 -0.02467  0.83875
   0.04667 -0.02572  0.90372
   0.05445 -0.02670  0.94915
   0.06345 -0.02758  0.97929
   0.07377 -0.02833  0.99535
   0.08543 -0.02891  0.99997
   0.09832 -0.02929  0.99510
   0.11223 -0.02947  0.98380
   0.12696 -0.02945  0.96757
   0.14228 -0.02924  0.94872
   0.15806 -0.02887  0.92828
   0.17418 -0.02837  0.90701
   0.19056 -0.02776  0.88553
   0.20714 -0.02707  0.86414
   0.22389 -0.02630  0.84305
   0.24078 -0.02549  0.82200
   0.25777 -0.02465  0.80148
   0.27484 -0.02379  0.78128
   0.29194 -0.02292  0.76130
   0.30901 -0.02207  0.74153
   0.32603 -0.02124  0.72199
   0.34301 -0.02043  0.70269
   0.35994 -0.01967  0.68303
   0.37686 -0.01894  0.66323
   0.39378 -0.01827  0.64265
   0.41076 -0.01762  0.62117
   0.42781 -0.01697  0.59932
   0.44491 -0.01629  0.57808
   0.46204 -0.01560  0.55690
   0.47921 -0.01490  0.53567
   0.49639 -0.01420  0.51445
   0.51357 -0.01350  0.49353
   0.53074 -0.01280  0.47209
   0.54790 -0.01211  0.45047
   0.56503 -0.01143  0.42864
   0.58215 -0.01076  0.40628
   0.59926 -0.01011  0.38362
   0.61635 -0.00947  0.36026
   0.63342 -0.00885  0.33615
   0.65049 -0.00825  0.31155
   0.66755 -0.00768  0.28577
   0.68459 -0.00712  0.25916
   0.70164 -0.00659  0.23159
   0.71867 -0.00608  0.20254
   0.73570 -0.00560  0.17209
   0.75273 -0.00514  0.13978
   0.76976 -0.00471  0.10582
   0.78678 -0.00431  0.06963
   0.80381 -0.00393  0.03080
   0.82084 -0.00357 -0.01077
   0.83786 -0.00324 -0.05597
   0.85489 -0.00294 -0.10537
   0.87190 -0.00266 -0.15969
   0.88889 -0.00241 -0.21997
   0.90581 -0.00218 -0.28810
   0.92258 -0.00197 -0.36587
   0.93902 -0.00179 -0.45538
   0.95483 -0.00163 -0.56007
   0.96953 -0.00150 -0.68294
   0.98258 -0.00139 -0.83202
   0.99368 -0.00131 -1.01302
   1.00000 -0.00126 -1.26582
