NACA 4412                                       
 Alfa =  -2.75000 Re =    60000.000 Xflap,Yflap =     0.000000    0.000000
#    x        y        Cp  
   1.00000  0.00126 -0.07634
   0.99392  0.00292 -0.09202
   0.98333  0.00577 -0.12303
   0.97098  0.00904 -0.12306
   0.95718  0.01262 -0.12305
   0.94237  0.01638 -0.12303
   0.92696  0.02021 -0.12299
   0.91123  0.02403 -0.12296
   0.89533  0.02780 -0.12294
   0.87933  0.03149 -0.12294
   0.86327  0.03511 -0.12299
   0.84718  0.03864 -0.12308
   0.83106  0.04208 -0.12324
   0.81492  0.04544 -0.12349
   0.79875  0.04870 -0.12385
   0.78258  0.05188 -0.12435
   0.76638  0.05496 -0.12502
   0.75017  0.05796 -0.12590
   0.73395  0.06086 -0.12705
   0.71772  0.06368 -0.12852
   0.70148  0.06640 -0.13038
   0.68523  0.06902 -0.13272
   0.66898  0.07155 -0.13563
   0.65272  0.07398 -0.13924
   0.63645  0.07632 -0.14369
   0.62019  0.07855 -0.14911
   0.60392  0.08069 -0.15565
   0.58766  0.08272 -0.16340
   0.57140  0.08465 -0.17236
   0.55514  0.08647 -0.18237
   0.53889  0.08818 -0.19361
   0.52265  0.08978 -0.20608
   0.50642  0.09127 -0.21958
   0.49021  0.09264 -0.23378
   0.47402  0.09390 -0.24838
   0.45785  0.09503 -0.26316
   0.44172  0.09603 -0.27787
   0.42564  0.09690 -0.29243
   0.40965  0.09765 -0.30673
   0.39382  0.09824 -0.32089
   0.37817  0.09865 -0.33265
   0.36263  0.09885 -0.34174
   0.34716  0.09884 -0.34821
   0.33174  0.09863 -0.35212
   0.31639  0.09821 -0.35336
   0.30109  0.09757 -0.35201
   0.28586  0.09672 -0.34800
   0.27069  0.09564 -0.34124
   0.25561  0.09433 -0.33166
   0.24061  0.09280 -0.31927
   0.22571  0.09103 -0.30374
   0.21092  0.08902 -0.28513
   0.19626  0.08678 -0.26317
   0.18175  0.08429 -0.23755
   0.16741  0.08155 -0.20831
   0.15327  0.07856 -0.17476
   0.13937  0.07533 -0.13705
   0.12576  0.07185 -0.09441
   0.11254  0.06815 -0.04688
   0.09978  0.06426  0.00585
   0.08762  0.06020  0.06388
   0.07622  0.05606  0.12719
   0.06572  0.05190  0.19486
   0.05625  0.04782  0.26564
   0.04786  0.04389  0.33893
   0.04055  0.04017  0.41342
   0.03423  0.03668  0.48778
   0.02879  0.03343  0.56124
   0.02411  0.03040  0.63312
   0.02008  0.02756  0.70323
   0.01660  0.02489  0.77050
   0.01357  0.02236  0.83377
   0.01095  0.01995  0.89088
   0.00867  0.01764  0.94039
   0.00671  0.01541  0.97752
   0.00502  0.01324  0.99815
   0.00360  0.01113  0.99450
   0.00242  0.00906  0.95841
   0.00148  0.00703  0.87918
   0.00077  0.00504  0.74759
   0.00029  0.00309  0.55511
   0.00004  0.00120  0.30678
   0.00001 -0.00064  0.00523
   0.00020 -0.00249 -0.34818
   0.00065 -0.00436 -0.72984
   0.00137 -0.00623 -1.08874
   0.00239 -0.00805 -1.38247
   0.00369 -0.00980 -1.58368
   0.00527 -0.01148 -1.69252
   0.00712 -0.01307 -1.72802
   0.00925 -0.01459 -1.71027
   0.01167 -0.01603 -1.65668
   0.01438 -0.01741 -1.58153
   0.01744 -0.01873 -1.49450
   0.02087 -0.02000 -1.40389
   0.02476 -0.02123 -1.31639
   0.02916 -0.02242 -1.23721
   0.03419 -0.02357 -1.16877
   0.03998 -0.02467 -1.11153
   0.04667 -0.02572 -1.06597
   0.05445 -0.02670 -1.03043
   0.06345 -0.02758 -1.00272
   0.07377 -0.02833 -0.98088
   0.08543 -0.02891 -0.96335
   0.09832 -0.02929 -0.94890
   0.11223 -0.02947 -0.93654
   0.12696 -0.02945 -0.92554
   0.14228 -0.02924 -0.91531
   0.15806 -0.02887 -0.90539
   0.17418 -0.02837 -0.89531
   0.19056 -0.02776 -0.87757
   0.20714 -0.02707 -0.67653
   0.22389 -0.02630 -0.52804
   0.24078 -0.02549 -0.41028
   0.25777 -0.02465 -0.33280
   0.27484 -0.02379 -0.27984
   0.29194 -0.02292 -0.24280
   0.30901 -0.02207 -0.21596
   0.32603 -0.02124 -0.19587
   0.34301 -0.02043 -0.18028
   0.35994 -0.01967 -0.16787
   0.37686 -0.01894 -0.15769
   0.39378 -0.01827 -0.15027
   0.41076 -0.01762 -0.14534
   0.42781 -0.01697 -0.13972
   0.44491 -0.01629 -0.13387
   0.46204 -0.01560 -0.12780
   0.47921 -0.01490 -0.12163
   0.49639 -0.01420 -0.11541
   0.51357 -0.01350 -0.10917
   0.53074 -0.01280 -0.10306
   0.54790 -0.01211 -0.09715
   0.56503 -0.01143 -0.09133
   0.58215 -0.01076 -0.08577
   0.59926 -0.01011 -0.08041
   0.61635 -0.00947 -0.07531
   0.63342 -0.00885 -0.07048
   0.65049 -0.00825 -0.06595
   0.66755 -0.00768 -0.06171
   0.68459 -0.00712 -0.05773
   0.70164 -0.00659 -0.05410
   0.71867 -0.00608 -0.05076
   0.73570 -0.00560 -0.04774
   0.75273 -0.00514 -0.04507
   0.76976 -0.00471 -0.04269
   0.78678 -0.00431 -0.04068
   0.80381 -0.00393 -0.03906
   0.82084 -0.00357 -0.03778
   0.83786 -0.00324 -0.03689
   0.85489 -0.00294 -0.03655
   0.87190 -0.00266 -0.03653
   0.88889 -0.00241 -0.03716
   0.90581 -0.00218 -0.03835
   0.92258 -0.00197 -0.04031
   0.93902 -0.00179 -0.04311
   0.95483 -0.00163 -0.04693
   0.96953 -0.00150 -0.05183
   0.98258 -0.00139 -0.05798
   0.99368 -0.00131 -0.06468
   1.00000 -0.00126 -0.07634
