NACA 4412                                       
 Alfa =  39.40000 Re =    20000.000 Xflap,Yflap =     0.000000    0.000000
#    x        y        Cp  
   1.00000  0.00126 -1.32731
   0.99392  0.00292 -1.32846
   0.98333  0.00577 -1.33048
   0.97098  0.00904 -1.33283
   0.95718  0.01262 -1.33547
   0.94237  0.01638 -1.33833
   0.92696  0.02021 -1.34133
   0.91123  0.02403 -1.34442
   0.89533  0.02780 -1.34758
   0.87933  0.03149 -1.35080
   0.86327  0.03511 -1.35408
   0.84718  0.03864 -1.35741
   0.83106  0.04208 -1.36079
   0.81492  0.04544 -1.36423
   0.79875  0.04870 -1.36772
   0.78258  0.05188 -1.37127
   0.76638  0.05496 -1.37489
   0.75017  0.05796 -1.37857
   0.73395  0.06086 -1.38232
   0.71772  0.06368 -1.38615
   0.70148  0.06640 -1.39005
   0.68523  0.06902 -1.39403
   0.66898  0.07155 -1.39809
   0.65272  0.07398 -1.40224
   0.63645  0.07632 -1.40648
   0.62019  0.07855 -1.41083
   0.60392  0.08069 -1.41527
   0.58766  0.08272 -1.41983
   0.57140  0.08465 -1.42450
   0.55514  0.08647 -1.42929
   0.53889  0.08818 -1.43422
   0.52265  0.08978 -1.43928
   0.50642  0.09127 -1.44450
   0.49021  0.09264 -1.44987
   0.47402  0.09390 -1.45542
   0.45785  0.09503 -1.46114
   0.44172  0.09603 -1.46706
   0.42564  0.09690 -1.47319
   0.40965  0.09765 -1.47952
   0.39382  0.09824 -1.48604
   0.37817  0.09865 -1.49277
   0.36263  0.09885 -1.49977
   0.34716  0.09884 -1.50710
   0.33174  0.09863 -1.51488
   0.31639  0.09821 -1.52312
   0.30109  0.09757 -1.53182
   0.28586  0.09672 -1.54105
   0.27069  0.09564 -1.55087
   0.25561  0.09433 -1.56136
   0.24061  0.09280 -1.57263
   0.22571  0.09103 -1.58479
   0.21092  0.08902 -1.59802
   0.19626  0.08678 -1.61252
   0.18175  0.08429 -1.62854
   0.16741  0.08155 -1.64643
   0.15327  0.07856 -1.66658
   0.13937  0.07533 -1.68993
   0.12576  0.07185 -1.71782
   0.11254  0.06815 -1.75299
   0.09978  0.06426 -1.80431
   0.08762  0.06020 -1.85915
   0.07622  0.05606 -1.86211
   0.06572  0.05190 -1.86522
   0.05625  0.04782 -1.86836
   0.04786  0.04389 -1.87144
   0.04055  0.04017 -1.87434
   0.03423  0.03668 -1.87696
   0.02879  0.03343 -1.87924
   0.02411  0.03040 -1.88113
   0.02008  0.02756 -1.88262
   0.01660  0.02489 -1.88374
   0.01357  0.02236 -1.88450
   0.01095  0.01995 -1.88499
   0.00867  0.01764 -1.88524
   0.00671  0.01541 -1.88543
   0.00502  0.01324 -1.88578
   0.00360  0.01113 -1.88662
   0.00242  0.00906 -1.88882
   0.00148  0.00703 -1.89341
   0.00077  0.00504 -1.90296
   0.00029  0.00309 -1.92142
   0.00004  0.00120 -1.95560
   0.00001 -0.00064 -2.01563
   0.00020 -0.00249 -2.11351
   0.00065 -0.00436 -2.25410
   0.00137 -0.00623 -2.35324
   0.00239 -0.00805 -2.29508
   0.00369 -0.00980 -2.05666
   0.00527 -0.01148 -1.69320
   0.00712 -0.01307 -1.29190
   0.00925 -0.01459 -0.90549
   0.01167 -0.01603 -0.54822
   0.01438 -0.01741 -0.23659
   0.01744 -0.01873  0.01828
   0.02087 -0.02000  0.24014
   0.02476 -0.02123  0.42259
   0.02916 -0.02242  0.57152
   0.03419 -0.02357  0.69165
   0.03998 -0.02467  0.78958
   0.04667 -0.02572  0.86580
   0.05445 -0.02670  0.92228
   0.06345 -0.02758  0.96181
   0.07377 -0.02833  0.98678
   0.08543 -0.02891  0.99821
   0.09832 -0.02929  0.99943
   0.11223 -0.02947  0.99252
   0.12696 -0.02945  0.98053
   0.14228 -0.02924  0.96485
   0.15806 -0.02887  0.94658
   0.17418 -0.02837  0.92752
   0.19056 -0.02776  0.90745
   0.20714 -0.02707  0.88710
   0.22389 -0.02630  0.86698
   0.24078 -0.02549  0.84676
   0.25777 -0.02465  0.82694
   0.27484 -0.02379  0.80693
   0.29194 -0.02292  0.78716
   0.30901 -0.02207  0.76785
   0.32603 -0.02124  0.74860
   0.34301 -0.02043  0.72900
   0.35994 -0.01967  0.70962
   0.37686 -0.01894  0.68995
   0.39378 -0.01827  0.66947
   0.41076 -0.01762  0.64788
   0.42781 -0.01697  0.62616
   0.44491 -0.01629  0.60470
   0.46204 -0.01560  0.58328
   0.47921 -0.01490  0.56213
   0.49639 -0.01420  0.54056
   0.51357 -0.01350  0.51908
   0.53074 -0.01280  0.49751
   0.54790 -0.01211  0.47544
   0.56503 -0.01143  0.45323
   0.58215 -0.01076  0.43055
   0.59926 -0.01011  0.40727
   0.61635 -0.00947  0.38339
   0.63342 -0.00885  0.35861
   0.65049 -0.00825  0.33342
   0.66755 -0.00768  0.30690
   0.68459 -0.00712  0.27971
   0.70164 -0.00659  0.25114
   0.71867 -0.00608  0.22127
   0.73570 -0.00560  0.18975
   0.75273 -0.00514  0.15657
   0.76976 -0.00471  0.12158
   0.78678 -0.00431  0.08385
   0.80381 -0.00393  0.04414
   0.82084 -0.00357  0.00066
   0.83786 -0.00324 -0.04606
   0.85489 -0.00294 -0.09729
   0.87190 -0.00266 -0.15377
   0.88889 -0.00241 -0.21670
   0.90581 -0.00218 -0.28782
   0.92258 -0.00197 -0.36908
   0.93902 -0.00179 -0.46291
   0.95483 -0.00163 -0.57309
   0.96953 -0.00150 -0.70281
   0.98258 -0.00139 -0.86033
   0.99368 -0.00131 -1.05333
   1.00000 -0.00126 -1.32731
