#    s        x        y     Ue/Vinf    Dstar     Theta      Cf       H
   0.00000  1.00000  0.00126  0.99145  0.058374  0.017806  0.000096     3.278
   0.00630  0.99392  0.00292  0.99385  0.057426  0.017579  0.000101     3.267
   0.01727  0.98333  0.00577  0.99820  0.055753  0.017180  0.000109     3.245
   0.03004  0.97098  0.00904  1.00353  0.053859  0.016707  0.000119     3.224
   0.04430  0.95718  0.01262  1.00982  0.051838  0.016171  0.000129     3.206
   0.05958  0.94237  0.01638  1.01696  0.049796  0.015587  0.000138     3.195
   0.07546  0.92696  0.02021  1.02487  0.047814  0.014972  0.000145     3.194
   0.09164  0.91123  0.02403  1.03345  0.045942  0.014335  0.000148     3.205
   0.10799  0.89533  0.02780  1.04270  0.044207  0.013683  0.000147     3.231
   0.12441  0.87933  0.03149  1.05263  0.042616  0.013017  0.000138     3.274
   0.14087  0.86327  0.03511  1.06331  0.041179  0.012337  0.000123     3.338
   0.15734  0.84718  0.03864  1.07484  0.039887  0.011641  0.000098     3.427
   0.17383  0.83106  0.04208  1.08730  0.038743  0.010927  0.000063     3.546
   0.19032  0.81492  0.04544  1.10130  0.037725  0.010167  0.000015     3.710
   0.20680  0.79875  0.04870  1.11699  0.036825  0.009363 -0.000042     3.933
   0.22329  0.78258  0.05188  1.13409  0.036036  0.008538 -0.000101     4.221
   0.23978  0.76638  0.05496  1.15252  0.035345  0.007701 -0.000156     4.590
   0.25626  0.75017  0.05796  1.17237  0.034733  0.006854 -0.000198     5.067
   0.27274  0.73395  0.06086  1.19392  0.034174  0.005992 -0.000231     5.703
   0.28921  0.71772  0.06368  1.21782  0.033629  0.005100 -0.000261     6.594
   0.30568  0.70148  0.06640  1.24486  0.033051  0.004162 -0.000310     7.941
   0.32214  0.68523  0.06902  1.27634  0.032362  0.003156 -0.000358    10.254
   0.33859  0.66898  0.07155  1.31637  0.031396  0.001985 -0.000380    15.815
   0.35503  0.65272  0.07398  1.31578  0.030890  0.002004 -0.000631    15.411
   0.37146  0.63645  0.07632  1.31643  0.030125  0.001990 -0.000636    15.134
   0.38788  0.62019  0.07855  1.31702  0.029194  0.001978 -0.000641    14.757
   0.40429  0.60392  0.08069  1.31759  0.028140  0.001967 -0.000646    14.305
   0.42068  0.58766  0.08272  1.31815  0.026987  0.001957 -0.000652    13.791
   0.43705  0.57140  0.08465  1.31872  0.025759  0.001947 -0.000657    13.231
   0.45341  0.55514  0.08647  1.31931  0.024467  0.001937 -0.000663    12.630
   0.46975  0.53889  0.08818  1.31993  0.023128  0.001927 -0.000670    12.001
   0.48606  0.52265  0.08978  1.32061  0.021752  0.001917 -0.000678    11.348
   0.50236  0.50642  0.09127  1.32137  0.020350  0.001906 -0.000687    10.678
   0.51863  0.49021  0.09264  1.32224  0.018933  0.001894 -0.000697     9.998
   0.53487  0.47402  0.09390  1.32325  0.017509  0.001880 -0.000710     9.313
   0.55108  0.45785  0.09503  1.32445  0.016086  0.001865 -0.000726     8.627
   0.56725  0.44172  0.09603  1.32591  0.014677  0.001847 -0.000746     7.946
   0.58335  0.42564  0.09690  1.32771  0.013288  0.001827 -0.000772     7.275
   0.59935  0.40965  0.09765  1.32994  0.011933  0.001803 -0.000807     6.619
   0.61519  0.39382  0.09824  1.33275  0.010619  0.001775 -0.000853     5.981
   0.63085  0.37817  0.09865  1.33634  0.009419  0.001743 -0.000894     5.405
   0.64639  0.36263  0.09885  1.34091  0.008340  0.001705 -0.000884     4.893
   0.66187  0.34716  0.09884  1.34657  0.007383  0.001661 -0.000745     4.446
   0.67728  0.33174  0.09863  1.35328  0.006547  0.001612 -0.000398     4.060
   0.69264  0.31639  0.09821  1.36101  0.005828  0.001560  0.000180     3.737
   0.70795  0.30109  0.09757  1.36986  0.005221  0.001502  0.000952     3.477
   0.72321  0.28586  0.09672  1.37954  0.004715  0.001440  0.001851     3.274
   0.73841  0.27069  0.09564  1.38956  0.004295  0.001378  0.002817     3.117
   0.75355  0.25561  0.09433  1.39944  0.003946  0.001317  0.003793     2.997
   0.76863  0.24061  0.09280  1.40889  0.003650  0.001258  0.004768     2.903
   0.78363  0.22571  0.09103  1.41761  0.003400  0.001201  0.005702     2.831
   0.79855  0.21092  0.08902  1.42555  0.003182  0.001147  0.006610     2.775
   0.81339  0.19626  0.08678  1.43268  0.002988  0.001095  0.007499     2.730
   0.82811  0.18175  0.08429  1.43895  0.002814  0.001044  0.008358     2.695
   0.84271  0.16741  0.08155  1.44445  0.002653  0.000995  0.009220     2.666
   0.85717  0.15327  0.07856  1.44914  0.002504  0.000947  0.010065     2.644
   0.87144  0.13937  0.07533  1.45318  0.002362  0.000900  0.010949     2.625
   0.88548  0.12576  0.07185  1.45649  0.002226  0.000853  0.011849     2.610
   0.89921  0.11254  0.06815  1.45918  0.002094  0.000806  0.012792     2.598
   0.91255  0.09978  0.06426  1.46130  0.001965  0.000759  0.013813     2.588
   0.92536  0.08762  0.06020  1.46283  0.001839  0.000713  0.014890     2.581
   0.93750  0.07622  0.05606  1.46392  0.001716  0.000667  0.016097     2.574
   0.94879  0.06572  0.05190  1.46452  0.001595  0.000621  0.017441     2.568
   0.95911  0.05625  0.04782  1.46460  0.001480  0.000577  0.018925     2.562
   0.96837  0.04786  0.04389  1.46419  0.001369  0.000536  0.020594     2.556
   0.97657  0.04055  0.04017  1.46318  0.001264  0.000496  0.022476     2.548
   0.98379  0.03423  0.03668  1.46140  0.001166  0.000459  0.024545     2.541
   0.99012  0.02879  0.03343  1.45878  0.001074  0.000424  0.026882     2.531
   0.99570  0.02411  0.03040  1.45507  0.000987  0.000392  0.029581     2.518
   1.00063  0.02008  0.02756  1.44973  0.000907  0.000362  0.032530     2.505
   1.00502  0.01660  0.02489  1.44257  0.000831  0.000334  0.035994     2.487
   1.00896  0.01357  0.02236  1.43269  0.000761  0.000308  0.039602     2.473
   1.01253  0.01095  0.01995  1.41997  0.000694  0.000283  0.043916     2.453
   1.01577  0.00867  0.01764  1.40295  0.000633  0.000260  0.048602     2.433
   1.01874  0.00671  0.01541  1.38063  0.000575  0.000238  0.053774     2.412
   1.02149  0.00502  0.01324  1.35140  0.000521  0.000218  0.059336     2.389
   1.02404  0.00360  0.01113  1.31317  0.000472  0.000200  0.065260     2.364
   1.02642  0.00242  0.00906  1.26338  0.000429  0.000183  0.070673     2.341
   1.02866  0.00148  0.00703  1.19990  0.000390  0.000168  0.075517     2.317
   1.03077  0.00077  0.00504  1.11987  0.000357  0.000156  0.078618     2.294
   1.03277  0.00029  0.00309  1.02150  0.000330  0.000145  0.079187     2.270
   1.03468  0.00004  0.00120  0.90621  0.000312  0.000138  0.075006     2.260
   1.03651  0.00001 -0.00064  0.77834  0.000296  0.000132  0.068471     2.248
   1.03838  0.00020 -0.00249  0.62921  0.000286  0.000128  0.058231     2.228
   1.04030  0.00065 -0.00436  0.46496  0.000285  0.000127  0.042681     2.239
   1.04230  0.00137 -0.00623  0.29066  0.000285  0.000129  0.027156     2.214
   1.04439  0.00239 -0.00805  0.11955  0.000310  0.000139  0.009883     2.230
   1.04657  0.00369 -0.00980 -0.03974  0.000310  0.000139  0.003759     2.230
   1.04888  0.00527 -0.01148 -0.18015  0.000356  0.000159  0.013551     2.246
   1.05132  0.00712 -0.01307 -0.29877  0.000386  0.000172  0.020614     2.242
   1.05393  0.00925 -0.01459 -0.39994  0.000429  0.000189  0.024181     2.269
   1.05675  0.01167 -0.01603 -0.48378  0.000475  0.000209  0.026175     2.276
   1.05979  0.01438 -0.01741 -0.55436  0.000527  0.000230  0.026612     2.292
   1.06312  0.01744 -0.01873 -0.61329  0.000585  0.000253  0.026119     2.307
   1.06679  0.02087 -0.02000 -0.66309  0.000647  0.000279  0.025169     2.320
   1.07086  0.02476 -0.02123 -0.70589  0.000715  0.000306  0.023970     2.333
   1.07542  0.02916 -0.02242 -0.74239  0.000791  0.000337  0.022398     2.350
   1.08058  0.03419 -0.02357 -0.77362  0.000875  0.000370  0.020786     2.365
   1.08647  0.03998 -0.02467 -0.80072  0.000967  0.000407  0.019211     2.378
   1.09325  0.04667 -0.02572 -0.82411  0.001070  0.000447  0.017593     2.393
   1.10108  0.05445 -0.02670 -0.84392  0.001187  0.000492  0.015959     2.411
   1.11013  0.06345 -0.02758 -0.86061  0.001315  0.000542  0.014454     2.426
   1.12048  0.07377 -0.02833 -0.87430  0.001458  0.000597  0.013027     2.443
   1.13215  0.08543 -0.02891 -0.88512  0.001613  0.000656  0.011709     2.460
   1.14504  0.09832 -0.02929 -0.89334  0.001778  0.000718  0.010535     2.476
   1.15896  0.11223 -0.02947 -0.89941  0.001948  0.000782  0.009524     2.491
   1.17368  0.12696 -0.02945 -0.90356  0.002124  0.000847  0.008623     2.508
   1.18901  0.14228 -0.02924 -0.90627  0.002301  0.000912  0.007860     2.522
   1.20480  0.15806 -0.02887 -0.90796  0.002475  0.000977  0.007222     2.534
   1.22092  0.17418 -0.02837 -0.90881  0.002649  0.001040  0.006663     2.547
   1.23731  0.19056 -0.02776 -0.90909  0.002819  0.001102  0.006189     2.557
   1.25391  0.20714 -0.02707 -0.90900  0.002985  0.001163  0.005787     2.566
   1.27067  0.22389 -0.02630 -0.90863  0.003147  0.001222  0.005436     2.575
   1.28758  0.24078 -0.02549 -0.90811  0.003303  0.001280  0.005143     2.581
   1.30460  0.25777 -0.02465 -0.90756  0.003451  0.001335  0.004899     2.584
   1.32169  0.27484 -0.02379 -0.90699  0.003593  0.001389  0.004686     2.587
   1.33881  0.29194 -0.02292 -0.90659  0.003723  0.001440  0.004529     2.586
   1.35590  0.30901 -0.02207 -0.90627  0.003846  0.001489  0.004392     2.584
   1.37294  0.32603 -0.02124 -0.90619  0.003956  0.001534  0.004297     2.578
   1.38994  0.34301 -0.02043 -0.90638  0.004052  0.001577  0.004238     2.569
   1.40689  0.35994 -0.01967 -0.90693  0.004133  0.001616  0.004213     2.557
   1.42382  0.37686 -0.01894 -0.90788  0.004198  0.001652  0.004228     2.541
   1.44075  0.39378 -0.01827 -0.90947  0.004238  0.001682  0.004299     2.519
   1.45775  0.41076 -0.01762 -0.91179  0.004254  0.001708  0.004424     2.491
   1.47481  0.42781 -0.01697 -0.91377  0.004307  0.001736  0.004429     2.481
   1.49192  0.44491 -0.01629 -0.91549  0.004377  0.001767  0.004379     2.478
   1.50907  0.46204 -0.01560 -0.91693  0.004460  0.001798  0.004293     2.480
   1.52625  0.47921 -0.01490 -0.91817  0.004548  0.001831  0.004197     2.485
   1.54344  0.49639 -0.01420 -0.91925  0.004639  0.001863  0.004097     2.490
   1.56064  0.51357 -0.01350 -0.92014  0.004733  0.001896  0.003993     2.496
   1.57783  0.53074 -0.01280 -0.92095  0.004823  0.001928  0.003902     2.501
   1.59499  0.54790 -0.01211 -0.92172  0.004910  0.001960  0.003820     2.505
   1.61214  0.56503 -0.01143 -0.92243  0.004995  0.001991  0.003746     2.508
   1.62928  0.58215 -0.01076 -0.92312  0.005076  0.002022  0.003680     2.510
   1.64639  0.59926 -0.01011 -0.92383  0.005151  0.002052  0.003626     2.511
   1.66350  0.61635 -0.00947 -0.92454  0.005224  0.002080  0.003579     2.511
   1.68058  0.63342 -0.00885 -0.92533  0.005289  0.002108  0.003546     2.509
   1.69766  0.65049 -0.00825 -0.92615  0.005351  0.002135  0.003517     2.507
   1.71473  0.66755 -0.00768 -0.92704  0.005406  0.002160  0.003500     2.503
   1.73178  0.68459 -0.00712 -0.92802  0.005457  0.002184  0.003489     2.498
   1.74883  0.70164 -0.00659 -0.92907  0.005503  0.002208  0.003485     2.493
   1.76588  0.71867 -0.00608 -0.93026  0.005541  0.002229  0.003492     2.485
   1.78292  0.73570 -0.00560 -0.93152  0.005576  0.002250  0.003502     2.478
   1.79995  0.75273 -0.00514 -0.93293  0.005603  0.002269  0.003523     2.469
   1.81698  0.76976 -0.00471 -0.93444  0.005627  0.002287  0.003547     2.460
   1.83401  0.78678 -0.00431 -0.93613  0.005644  0.002303  0.003582     2.450
   1.85104  0.80381 -0.00393 -0.93795  0.005656  0.002318  0.003621     2.440
   1.86807  0.82084 -0.00357 -0.93996  0.005659  0.002331  0.003673     2.427
   1.88510  0.83786 -0.00324 -0.94215  0.005658  0.002343  0.003730     2.415
   1.90213  0.85489 -0.00294 -0.94462  0.005646  0.002352  0.003803     2.401
   1.91914  0.87190 -0.00266 -0.94729  0.005629  0.002359  0.003882     2.386
   1.93613  0.88889 -0.00241 -0.95024  0.005603  0.002364  0.003975     2.371
   1.95305  0.90581 -0.00218 -0.95357  0.005564  0.002365  0.004090     2.352
   1.96983  0.92258 -0.00197 -0.95729  0.005512  0.002363  0.004227     2.333
   1.98627  0.93902 -0.00179 -0.96146  0.005446  0.002357  0.004392     2.310
   2.00209  0.95483 -0.00163 -0.96619  0.005359  0.002346  0.004597     2.285
   2.01678  0.96953 -0.00150 -0.97140  0.005255  0.002329  0.004842     2.257
   2.02984  0.98258 -0.00139 -0.97729  0.005121  0.002303  0.005157     2.223
   2.04093  0.99368 -0.00131 -0.98350  0.004974  0.002273  0.005519     2.188
   2.04725  1.00000 -0.00126 -0.99145  0.004716  0.002217  0.006190     2.127
   2.04725  1.00010 -0.00001  0.99145  0.065555  0.020022  0.000000     3.274
   2.05356  1.00636 -0.00081  0.98795  0.064964  0.020396  0.000000     3.185
   2.06096  1.01371 -0.00160  0.98439  0.064019  0.020777  0.000000     3.081
   2.06964  1.02235 -0.00245  0.98048  0.062848  0.021197  0.000000     2.965
   2.07981  1.03248 -0.00336  0.97625  0.061427  0.021650  0.000000     2.837
   2.09174  1.04437 -0.00435  0.97181  0.059731  0.022126  0.000000     2.700
   2.10574  1.05833 -0.00540  0.96729  0.057736  0.022608  0.000000     2.554
   2.12215  1.07470 -0.00653  0.96290  0.055431  0.023072  0.000000     2.402
   2.14139  1.09391 -0.00771  0.95892  0.052816  0.023488  0.000000     2.249
   2.16396  1.11644 -0.00894  0.95569  0.049921  0.023821  0.000000     2.096
   2.19042  1.14287 -0.01019  0.95354  0.046804  0.024037  0.000000     1.947
   2.22145  1.17388 -0.01145  0.95280  0.043561  0.024109  0.000000     1.807
   2.25784  1.21025 -0.01267  0.95361  0.040314  0.024031  0.000000     1.678
   2.30052  1.25291 -0.01379  0.95595  0.037193  0.023819  0.000000     1.561
   2.35057  1.30295 -0.01476  0.95953  0.034316  0.023507  0.000000     1.460
   2.40926  1.36164 -0.01548  0.96393  0.031762  0.023142  0.000000     1.372
   2.47809  1.43046 -0.01584  0.96866  0.029564  0.022766  0.000000     1.299
   2.55880  1.51118 -0.01571  0.97332  0.027719  0.022411  0.000000     1.237
   2.65345  1.60582 -0.01491  0.97764  0.026198  0.022093  0.000000     1.186
   2.76445  1.71681 -0.01324  0.98149  0.024963  0.021818  0.000000     1.144
   2.89461  1.84694 -0.01045  0.98483  0.023977  0.021586  0.000000     1.111
   3.04725  1.99953 -0.00623  0.98969  0.023043  0.021259  0.000000     1.084
