#    s        x        y     Ue/Vinf    Dstar     Theta      Cf       H
   0.00000  1.00000  0.00126  1.45439  0.674358  0.033709 -0.000123    20.005
   0.00630  0.99392  0.00292  1.45479  0.671328  0.033505 -0.000123    20.037
   0.01727  0.98333  0.00577  1.45549  0.666032  0.033151 -0.000125    20.091
   0.03004  0.97098  0.00904  1.45631  0.659639  0.032741 -0.000126    20.147
   0.04430  0.95718  0.01262  1.45723  0.652326  0.032285 -0.000128    20.206
   0.05958  0.94237  0.01638  1.45823  0.644327  0.031797 -0.000130    20.264
   0.07546  0.92696  0.02021  1.45928  0.635865  0.031291 -0.000133    20.321
   0.09164  0.91123  0.02403  1.46037  0.627102  0.030777 -0.000135    20.376
   0.10799  0.89533  0.02780  1.46148  0.618135  0.030258 -0.000137    20.429
   0.12441  0.87933  0.03149  1.46261  0.609011  0.029737 -0.000140    20.480
   0.14087  0.86327  0.03511  1.46376  0.599764  0.029215 -0.000142    20.529
   0.15734  0.84718  0.03864  1.46493  0.590409  0.028693 -0.000145    20.577
   0.17383  0.83106  0.04208  1.46613  0.580957  0.028170 -0.000148    20.623
   0.19032  0.81492  0.04544  1.46734  0.571415  0.027648 -0.000151    20.668
   0.20680  0.79875  0.04870  1.46858  0.561786  0.027125 -0.000154    20.711
   0.22329  0.78258  0.05188  1.46984  0.552078  0.026602 -0.000157    20.753
   0.23978  0.76638  0.05496  1.47112  0.542286  0.026079 -0.000160    20.794
   0.25626  0.75017  0.05796  1.47243  0.532421  0.025556 -0.000164    20.833
   0.27274  0.73395  0.06086  1.47376  0.522479  0.025033 -0.000167    20.872
   0.28921  0.71772  0.06368  1.47513  0.512467  0.024509 -0.000171    20.910
   0.30568  0.70148  0.06640  1.47652  0.502381  0.023984 -0.000175    20.946
   0.32214  0.68523  0.06902  1.47795  0.492228  0.023459 -0.000179    20.982
   0.33859  0.66898  0.07155  1.47941  0.482007  0.022934 -0.000183    21.017
   0.35503  0.65272  0.07398  1.48090  0.471717  0.022408 -0.000188    21.051
   0.37146  0.63645  0.07632  1.48243  0.461364  0.021881 -0.000192    21.085
   0.38788  0.62019  0.07855  1.48400  0.450942  0.021354 -0.000197    21.118
   0.40429  0.60392  0.08069  1.48561  0.440463  0.020825 -0.000202    21.151
   0.42068  0.58766  0.08272  1.48726  0.429913  0.020296 -0.000208    21.183
   0.43705  0.57140  0.08465  1.48897  0.419307  0.019765 -0.000214    21.215
   0.45341  0.55514  0.08647  1.49072  0.408638  0.019233 -0.000220    21.247
   0.46975  0.53889  0.08818  1.49252  0.397908  0.018700 -0.000226    21.279
   0.48606  0.52265  0.08978  1.49439  0.387120  0.018165 -0.000233    21.312
   0.50236  0.50642  0.09127  1.49631  0.376273  0.017628 -0.000241    21.345
   0.51863  0.49021  0.09264  1.49830  0.365367  0.017090 -0.000249    21.380
   0.53487  0.47402  0.09390  1.50037  0.354405  0.016549 -0.000257    21.416
   0.55108  0.45785  0.09503  1.50251  0.343388  0.016006 -0.000266    21.454
   0.56725  0.44172  0.09603  1.50473  0.332317  0.015461 -0.000276    21.494
   0.58335  0.42564  0.09690  1.50704  0.321209  0.014913 -0.000287    21.538
   0.59935  0.40965  0.09765  1.50945  0.310074  0.014365 -0.000298    21.586
   0.61519  0.39382  0.09824  1.51194  0.298949  0.013817 -0.000310    21.636
   0.63085  0.37817  0.09865  1.51453  0.287902  0.013270 -0.000324    21.696
   0.64639  0.36263  0.09885  1.51729  0.276907  0.012710 -0.000338    21.786
   0.66187  0.34716  0.09884  1.52020  0.265944  0.012143 -0.000355    21.900
   0.67728  0.33174  0.09863  1.52328  0.255018  0.011570 -0.000373    22.042
   0.69264  0.31639  0.09821  1.52655  0.244125  0.010987 -0.000394    22.219
   0.70795  0.30109  0.09757  1.53004  0.233263  0.010395 -0.000417    22.440
   0.72321  0.28586  0.09672  1.53377  0.222442  0.009791 -0.000443    22.718
   0.73841  0.27069  0.09564  1.53780  0.211655  0.009174 -0.000474    23.072
   0.75355  0.25561  0.09433  1.54217  0.200919  0.008540 -0.000510    23.527
   0.76863  0.24061  0.09280  1.54695  0.190225  0.007886 -0.000526    24.121
   0.78363  0.22571  0.09103  1.55221  0.179575  0.007209 -0.000530    24.911
   0.79855  0.21092  0.08902  1.55808  0.168977  0.006500 -0.000534    25.995
   0.81339  0.19626  0.08678  1.56467  0.158425  0.005759 -0.000539    27.510
   0.82811  0.18175  0.08429  1.57230  0.147924  0.004963 -0.000544    29.804
   0.84271  0.16741  0.08155  1.58143  0.137444  0.004084 -0.000550    33.656
   0.85717  0.15327  0.07856  1.59315  0.126953  0.003049 -0.000558    41.639
   0.87144  0.13937  0.07533  1.61282  0.116112  0.001372 -0.000572    84.632
   0.88548  0.12576  0.07185  1.61938  0.106354  0.000917 -0.004882   116.038
   0.89921  0.11254  0.06815  1.62016  0.097050  0.000880 -0.005087   110.243
   0.91255  0.09978  0.06426  1.62099  0.087893  0.000845 -0.005305   104.022
   0.92536  0.08762  0.06020  1.62189  0.078983  0.000811 -0.005532    97.393
   0.93750  0.07622  0.05606  1.62284  0.070429  0.000779 -0.005762    90.363
   0.94879  0.06572  0.05190  1.62382  0.062384  0.000751 -0.005988    83.083
   0.95911  0.05625  0.04782  1.62481  0.054934  0.000726 -0.006198    75.621
   0.96837  0.04786  0.04389  1.62576  0.048182  0.000706 -0.006384    68.219
   0.97657  0.04055  0.04017  1.62666  0.042124  0.000691 -0.006539    60.988
   0.98379  0.03423  0.03668  1.62749  0.036757  0.000679 -0.006664    54.137
   0.99012  0.02879  0.03343  1.62823  0.032009  0.000671 -0.006761    47.734
   0.99570  0.02411  0.03040  1.62890  0.027806  0.000665 -0.006835    41.823
   1.00063  0.02008  0.02756  1.62952  0.024089  0.000661 -0.006895    36.451
   1.00502  0.01660  0.02489  1.63010  0.020766  0.000658 -0.006945    31.547
   1.00896  0.01357  0.02236  1.63068  0.017811  0.000656 -0.006996    27.148
   1.01253  0.01095  0.01995  1.63131  0.015161  0.000654 -0.007055    23.184
   1.01577  0.00867  0.01764  1.63206  0.012782  0.000651 -0.007133    19.630
   1.01874  0.00671  0.01541  1.63309  0.010656  0.000647 -0.007244    16.470
   1.02149  0.00502  0.01324  1.63458  0.008753  0.000641 -0.007411    13.662
   1.02404  0.00360  0.01113  1.63694  0.007066  0.000631 -0.007671    11.196
   1.02642  0.00242  0.00906  1.64079  0.005595  0.000617 -0.008093     9.071
   1.02866  0.00148  0.00703  1.64715  0.004315  0.000596 -0.008832     7.235
   1.03077  0.00077  0.00504  1.65791  0.003263  0.000568 -0.010133     5.745
   1.03277  0.00029  0.00309  1.67561  0.002408  0.000530 -0.009252     4.543
   1.03468  0.00004  0.00120  1.70194  0.001768  0.000483  0.004750     3.661
   1.03651  0.00001 -0.00064  1.73719  0.001302  0.000427  0.039481     3.050
   1.03838  0.00020 -0.00249  1.77258  0.000982  0.000369  0.091787     2.665
   1.04030  0.00065 -0.00436  1.78459  0.000783  0.000322  0.149768     2.435
   1.04230  0.00137 -0.00623  1.75107  0.000673  0.000292  0.193982     2.306
   1.04439  0.00239 -0.00805  1.66838  0.000625  0.000279  0.210772     2.243
   1.04657  0.00369 -0.00980  1.55019  0.000609  0.000276  0.208055     2.205
   1.04888  0.00527 -0.01148  1.40921  0.000618  0.000283  0.190379     2.181
   1.05132  0.00712 -0.01307  1.25965  0.000647  0.000298  0.163849     2.172
   1.05393  0.00925 -0.01459  1.11335  0.000689  0.000317  0.136022     2.172
   1.05675  0.01167 -0.01603  0.97481  0.000736  0.000339  0.111650     2.170
   1.05979  0.01438 -0.01741  0.84487  0.000796  0.000365  0.088905     2.178
   1.06312  0.01744 -0.01873  0.72380  0.000853  0.000393  0.071474     2.170
   1.06679  0.02087 -0.02000  0.61041  0.000936  0.000427  0.054063     2.190
   1.07086  0.02476 -0.02123  0.50652  0.001002  0.000459  0.042150     2.183
   1.07542  0.02916 -0.02242  0.40700  0.001100  0.000502  0.030573     2.193
   1.08058  0.03419 -0.02357  0.31596  0.001195  0.000541  0.021548     2.208
   1.08647  0.03998 -0.02467  0.22918  0.001279  0.000579  0.014595     2.209
   1.09325  0.04667 -0.02572  0.14417  0.001413  0.000641  0.008346     2.204
   1.10108  0.05445 -0.02670  0.06722  0.001600  0.000718  0.003360     2.230
   1.11013  0.06345 -0.02758 -0.00722  0.001600  0.000718  0.000361     2.230
   1.12048  0.07377 -0.02833 -0.07686  0.001870  0.000836  0.003261     2.238
   1.13215  0.08543 -0.02891 -0.14043  0.002000  0.000893  0.005571     2.239
   1.14504  0.09832 -0.02929 -0.19852  0.002185  0.000967  0.007076     2.259
   1.15896  0.11223 -0.02947 -0.25070  0.002347  0.001041  0.008342     2.256
   1.17368  0.12696 -0.02945 -0.29711  0.002534  0.001116  0.009036     2.270
   1.18901  0.14228 -0.02924 -0.33766  0.002715  0.001194  0.009545     2.275
   1.20480  0.15806 -0.02887 -0.37416  0.002876  0.001264  0.009977     2.276
   1.22092  0.17418 -0.02837 -0.40652  0.003051  0.001335  0.010132     2.285
   1.23731  0.19056 -0.02776 -0.43550  0.003210  0.001403  0.010290     2.287
   1.25391  0.20714 -0.02707 -0.46189  0.003361  0.001468  0.010401     2.290
   1.27067  0.22389 -0.02630 -0.48588  0.003512  0.001531  0.010427     2.294
   1.28758  0.24078 -0.02549 -0.50815  0.003645  0.001589  0.010510     2.294
   1.30460  0.25777 -0.02465 -0.52874  0.003781  0.001646  0.010512     2.297
   1.32169  0.27484 -0.02379 -0.54799  0.003905  0.001699  0.010545     2.298
   1.33881  0.29194 -0.02292 -0.56608  0.004022  0.001750  0.010569     2.298
   1.35590  0.30901 -0.02207 -0.58329  0.004125  0.001796  0.010634     2.297
   1.37294  0.32603 -0.02124 -0.59958  0.004227  0.001840  0.010663     2.297
   1.38994  0.34301 -0.02043 -0.61542  0.004309  0.001879  0.010777     2.293
   1.40689  0.35994 -0.01967 -0.63090  0.004381  0.001914  0.010905     2.289
   1.42382  0.37686 -0.01894 -0.64611  0.004444  0.001944  0.011050     2.285
   1.44075  0.39378 -0.01827 -0.66161  0.004479  0.001967  0.011320     2.276
   1.45775  0.41076 -0.01762 -0.67765  0.004493  0.001983  0.011674     2.266
   1.47481  0.42781 -0.01697 -0.69299  0.004551  0.002006  0.011748     2.269
   1.49192  0.44491 -0.01629 -0.70795  0.004604  0.002027  0.011846     2.271
   1.50907  0.46204 -0.01560 -0.72220  0.004671  0.002052  0.011855     2.276
   1.52625  0.47921 -0.01490 -0.73609  0.004729  0.002076  0.011915     2.278
   1.54344  0.49639 -0.01420 -0.74958  0.004787  0.002100  0.011969     2.279
   1.56064  0.51357 -0.01350 -0.76281  0.004838  0.002123  0.012051     2.279
   1.57783  0.53074 -0.01280 -0.77580  0.004886  0.002144  0.012140     2.279
   1.59499  0.54790 -0.01211 -0.78879  0.004921  0.002162  0.012290     2.276
   1.61214  0.56503 -0.01143 -0.80171  0.004954  0.002179  0.012440     2.273
   1.62928  0.58215 -0.01076 -0.81445  0.004989  0.002196  0.012565     2.272
   1.64639  0.59926 -0.01011 -0.82737  0.005008  0.002209  0.012768     2.267
   1.66350  0.61635 -0.00947 -0.84027  0.005028  0.002221  0.012953     2.264
   1.68058  0.63342 -0.00885 -0.85337  0.005038  0.002230  0.013187     2.259
   1.69766  0.65049 -0.00825 -0.86658  0.005046  0.002237  0.013422     2.255
   1.71473  0.66755 -0.00768 -0.88017  0.005040  0.002241  0.013727     2.249
   1.73178  0.68459 -0.00712 -0.89382  0.005039  0.002245  0.013990     2.245
   1.74883  0.70164 -0.00659 -0.90797  0.005022  0.002244  0.014348     2.238
   1.76588  0.71867 -0.00608 -0.92243  0.005005  0.002242  0.014703     2.232
   1.78292  0.73570 -0.00560 -0.93737  0.004978  0.002237  0.015112     2.226
   1.79995  0.75273 -0.00514 -0.95284  0.004944  0.002228  0.015565     2.219
   1.81698  0.76976 -0.00471 -0.96893  0.004903  0.002217  0.016065     2.211
   1.83401  0.78678 -0.00431 -0.98572  0.004855  0.002203  0.016623     2.203
   1.85104  0.80381 -0.00393 -1.00323  0.004802  0.002187  0.017221     2.196
   1.86807  0.82084 -0.00357 -1.02175  0.004736  0.002166  0.017928     2.186
   1.88510  0.83786 -0.00324 -1.04142  0.004660  0.002141  0.018733     2.176
   1.90213  0.85489 -0.00294 -1.06243  0.004573  0.002111  0.019658     2.166
   1.91914  0.87190 -0.00266 -1.08498  0.004475  0.002077  0.020715     2.154
   1.93613  0.88889 -0.00241 -1.10941  0.004364  0.002038  0.021955     2.142
   1.95305  0.90581 -0.00218 -1.13632  0.004233  0.001991  0.023486     2.126
   1.96983  0.92258 -0.00197 -1.16591  0.004088  0.001937  0.025289     2.110
   1.98627  0.93902 -0.00179 -1.19911  0.003916  0.001873  0.027608     2.090
   2.00209  0.95483 -0.00163 -1.23653  0.003715  0.001798  0.030604     2.066
   2.01678  0.96953 -0.00150 -1.27865  0.003486  0.001711  0.034527     2.037
   2.02984  0.98258 -0.00139 -1.32730  0.003206  0.001606  0.040235     1.996
   2.04093  0.99368 -0.00131 -1.38321  0.002895  0.001486  0.048160     1.948
   2.04725  1.00000 -0.00126 -1.45439  0.002384  0.001304  0.067068     1.828
   2.04725  1.00010 -0.00001  1.45439  0.679217  0.035013  0.000000    19.399
   2.05356  1.00637 -0.00073  1.45361  0.680230  0.035417  0.000000    19.206
   2.06096  1.01375 -0.00123  1.45261  0.681065  0.035932  0.000000    18.954
   2.06964  1.02242 -0.00158  1.45144  0.681889  0.036541  0.000000    18.661
   2.07981  1.03259 -0.00172  1.45006  0.682652  0.037260  0.000000    18.322
   2.09174  1.04452 -0.00162  1.44843  0.683303  0.038110  0.000000    17.930
   2.10574  1.05851 -0.00118  1.44652  0.683768  0.039118  0.000000    17.480
   2.12215  1.07490 -0.00030  1.44426  0.683944  0.040312  0.000000    16.966
   2.14139  1.09408  0.00116  1.44159  0.683689  0.041729  0.000000    16.384
   2.16396  1.11654  0.00338  1.43843  0.682811  0.043412  0.000000    15.729
   2.19042  1.14281  0.00658  1.43470  0.681045  0.045416  0.000000    14.996
   2.22145  1.17352  0.01103  1.43027  0.678034  0.047804  0.000000    14.184
   2.25784  1.20941  0.01708  1.42502  0.673291  0.050657  0.000000    13.291
   2.30052  1.25132  0.02514  1.41875  0.666146  0.054074  0.000000    12.319
   2.35057  1.30023  0.03573  1.41124  0.655669  0.058180  0.000000    11.270
   2.40926  1.35729  0.04947  1.40219  0.640549  0.063134  0.000000    10.146
   2.47809  1.42382  0.06711  1.39119  0.618882  0.069150  0.000000     8.950
   2.55880  1.50134  0.08957  1.37758  0.587787  0.076529  0.000000     7.681
   2.65345  1.59165  0.11792  1.36029  0.542610  0.085744  0.000000     6.328
   2.76445  1.69680  0.15347  1.33698  0.474750  0.097767  0.000000     4.856
   2.89461  1.81919  0.19776  1.29784  0.369441  0.116879  0.000000     3.161
   3.04725  1.96164  0.25262  1.59368  0.055567  0.049987  0.000000     1.112
