NACA 4412                                       
 Alfa =  36.20000 Re =    20000.000 Xflap,Yflap =     0.000000    0.000000
#    x        y        Cp  
   1.00000  0.00126 -1.20690
   0.99392  0.00292 -1.20804
   0.98333  0.00577 -1.21005
   0.97098  0.00904 -1.21239
   0.95718  0.01262 -1.21503
   0.94237  0.01638 -1.21788
   0.92696  0.02021 -1.22088
   0.91123  0.02403 -1.22398
   0.89533  0.02780 -1.22715
   0.87933  0.03149 -1.23038
   0.86327  0.03511 -1.23367
   0.84718  0.03864 -1.23702
   0.83106  0.04208 -1.24043
   0.81492  0.04544 -1.24390
   0.79875  0.04870 -1.24744
   0.78258  0.05188 -1.25104
   0.76638  0.05496 -1.25470
   0.75017  0.05796 -1.25845
   0.73395  0.06086 -1.26227
   0.71772  0.06368 -1.26617
   0.70148  0.06640 -1.27016
   0.68523  0.06902 -1.27424
   0.66898  0.07155 -1.27841
   0.65272  0.07398 -1.28269
   0.63645  0.07632 -1.28707
   0.62019  0.07855 -1.29156
   0.60392  0.08069 -1.29618
   0.58766  0.08272 -1.30092
   0.57140  0.08465 -1.30580
   0.55514  0.08647 -1.31083
   0.53889  0.08818 -1.31601
   0.52265  0.08978 -1.32136
   0.50642  0.09127 -1.32689
   0.49021  0.09264 -1.33261
   0.47402  0.09390 -1.33854
   0.45785  0.09503 -1.34469
   0.44172  0.09603 -1.35108
   0.42564  0.09690 -1.35773
   0.40965  0.09765 -1.36465
   0.39382  0.09824 -1.37182
   0.37817  0.09865 -1.37927
   0.36263  0.09885 -1.38708
   0.34716  0.09884 -1.39530
   0.33174  0.09863 -1.40399
   0.31639  0.09821 -1.41321
   0.30109  0.09757 -1.42313
   0.28586  0.09672 -1.43386
   0.27069  0.09564 -1.44540
   0.25561  0.09433 -1.45789
   0.24061  0.09280 -1.47149
   0.22571  0.09103 -1.48640
   0.21092  0.08902 -1.50290
   0.19626  0.08678 -1.52135
   0.18175  0.08429 -1.54227
   0.16741  0.08155 -1.56640
   0.15327  0.07856 -1.59470
   0.13937  0.07533 -1.62938
   0.12576  0.07185 -1.67515
   0.11254  0.06815 -1.76827
   0.09978  0.06426 -1.77355
   0.08762  0.06020 -1.77647
   0.07622  0.05606 -1.77956
   0.06572  0.05190 -1.78278
   0.05625  0.04782 -1.78602
   0.04786  0.04389 -1.78916
   0.04055  0.04017 -1.79211
   0.03423  0.03668 -1.79478
   0.02879  0.03343 -1.79715
   0.02411  0.03040 -1.79917
   0.02008  0.02756 -1.80089
   0.01660  0.02489 -1.80233
   0.01357  0.02236 -1.80359
   0.01095  0.01995 -1.80473
   0.00867  0.01764 -1.80594
   0.00671  0.01541 -1.80743
   0.00502  0.01324 -1.80965
   0.00360  0.01113 -1.81335
   0.00242  0.00906 -1.81972
   0.00148  0.00703 -1.83111
   0.00077  0.00504 -1.85149
   0.00029  0.00309 -1.88735
   0.00004  0.00120 -1.94864
   0.00001 -0.00064 -2.04157
   0.00020 -0.00249 -2.17484
   0.00065 -0.00436 -2.29134
   0.00137 -0.00623 -2.29293
   0.00239 -0.00805 -2.09986
   0.00369 -0.00980 -1.76498
   0.00527 -0.01148 -1.35793
   0.00712 -0.01307 -0.94139
   0.00925 -0.01459 -0.56356
   0.01167 -0.01603 -0.23818
   0.01438 -0.01741  0.03681
   0.01744 -0.01873  0.26552
   0.02087 -0.02000  0.45021
   0.02476 -0.02123  0.60093
   0.02916 -0.02242  0.71974
   0.03419 -0.02357  0.81196
   0.03998 -0.02467  0.88380
   0.04667 -0.02572  0.93584
   0.05445 -0.02670  0.97086
   0.06345 -0.02758  0.99197
   0.07377 -0.02833  0.99973
   0.08543 -0.02891  0.99738
   0.09832 -0.02929  0.98660
   0.11223 -0.02947  0.97074
   0.12696 -0.02945  0.95094
   0.14228 -0.02924  0.92921
   0.15806 -0.02887  0.90670
   0.17418 -0.02837  0.88371
   0.19056 -0.02776  0.86090
   0.20714 -0.02707  0.83848
   0.22389 -0.02630  0.81652
   0.24078 -0.02549  0.79524
   0.25777 -0.02465  0.77419
   0.27484 -0.02379  0.75357
   0.29194 -0.02292  0.73349
   0.30901 -0.02207  0.71365
   0.32603 -0.02124  0.69409
   0.34301 -0.02043  0.67472
   0.35994 -0.01967  0.65520
   0.37686 -0.01894  0.63532
   0.39378 -0.01827  0.61494
   0.41076 -0.01762  0.59325
   0.42781 -0.01697  0.57165
   0.44491 -0.01629  0.55044
   0.46204 -0.01560  0.52936
   0.47921 -0.01490  0.50875
   0.49639 -0.01420  0.48780
   0.51357 -0.01350  0.46713
   0.53074 -0.01280  0.44616
   0.54790 -0.01211  0.42500
   0.56503 -0.01143  0.40361
   0.58215 -0.01076  0.38179
   0.59926 -0.01011  0.35967
   0.61635 -0.00947  0.33688
   0.63342 -0.00885  0.31363
   0.65049 -0.00825  0.28944
   0.66755 -0.00768  0.26456
   0.68459 -0.00712  0.23866
   0.70164 -0.00659  0.21199
   0.71867 -0.00608  0.18378
   0.73570 -0.00560  0.15424
   0.75273 -0.00514  0.12312
   0.76976 -0.00471  0.09027
   0.78678 -0.00431  0.05524
   0.80381 -0.00393  0.01791
   0.82084 -0.00357 -0.02217
   0.83786 -0.00324 -0.06568
   0.85489 -0.00294 -0.11314
   0.87190 -0.00266 -0.16521
   0.88889 -0.00241 -0.22309
   0.90581 -0.00218 -0.28820
   0.92258 -0.00197 -0.36237
   0.93902 -0.00179 -0.44766
   0.95483 -0.00163 -0.54730
   0.96953 -0.00150 -0.66376
   0.98258 -0.00139 -0.80417
   0.99368 -0.00131 -0.97417
   1.00000 -0.00126 -1.20690
