NACA 4412                                       
 Alfa =   0.85000 Re =    60000.000 Xflap,Yflap =     0.000000    0.000000
#    x        y        Cp  
   1.00000  0.00126 -0.00082
   0.99392  0.00292 -0.00841
   0.98333  0.00577 -0.02219
   0.97098  0.00904 -0.03932
   0.95718  0.01262 -0.06000
   0.94237  0.01638 -0.08415
   0.92696  0.02021 -0.11174
   0.91123  0.02403 -0.14290
   0.89533  0.02780 -0.17806
   0.87933  0.03149 -0.21861
   0.86327  0.03511 -0.26546
   0.84718  0.03864 -0.32135
   0.83106  0.04208 -0.39042
   0.81492  0.04544 -0.39144
   0.79875  0.04870 -0.39236
   0.78258  0.05188 -0.39323
   0.76638  0.05496 -0.39410
   0.75017  0.05796 -0.39497
   0.73395  0.06086 -0.39589
   0.71772  0.06368 -0.39687
   0.70148  0.06640 -0.39794
   0.68523  0.06902 -0.39914
   0.66898  0.07155 -0.40050
   0.65272  0.07398 -0.40206
   0.63645  0.07632 -0.40387
   0.62019  0.07855 -0.40598
   0.60392  0.08069 -0.40848
   0.58766  0.08272 -0.41145
   0.57140  0.08465 -0.41498
   0.55514  0.08647 -0.41921
   0.53889  0.08818 -0.42429
   0.52265  0.08978 -0.43039
   0.50642  0.09127 -0.43773
   0.49021  0.09264 -0.44652
   0.47402  0.09390 -0.45700
   0.45785  0.09503 -0.46929
   0.44172  0.09603 -0.48328
   0.42564  0.09690 -0.49914
   0.40965  0.09765 -0.51722
   0.39382  0.09824 -0.53754
   0.37817  0.09865 -0.55887
   0.36263  0.09885 -0.58004
   0.34716  0.09884 -0.60009
   0.33174  0.09863 -0.61834
   0.31639  0.09821 -0.63441
   0.30109  0.09757 -0.64798
   0.28586  0.09672 -0.65894
   0.27069  0.09564 -0.66730
   0.25561  0.09433 -0.67293
   0.24061  0.09280 -0.67591
   0.22571  0.09103 -0.67594
   0.21092  0.08902 -0.67319
   0.19626  0.08678 -0.66753
   0.18175  0.08429 -0.65859
   0.16741  0.08155 -0.64668
   0.15327  0.07856 -0.63114
   0.13937  0.07533 -0.61204
   0.12576  0.07185 -0.58909
   0.11254  0.06815 -0.56195
   0.09978  0.06426 -0.53040
   0.08762  0.06020 -0.49434
   0.07622  0.05606 -0.45377
   0.06572  0.05190 -0.40872
   0.05625  0.04782 -0.35961
   0.04786  0.04389 -0.30682
   0.04055  0.04017 -0.25108
   0.03423  0.03668 -0.19197
   0.02879  0.03343 -0.12996
   0.02411  0.03040 -0.06533
   0.02008  0.02756  0.00322
   0.01660  0.02489  0.07633
   0.01357  0.02236  0.15431
   0.01095  0.01995  0.23681
   0.00867  0.01764  0.32611
   0.00671  0.01541  0.42029
   0.00502  0.01324  0.52060
   0.00360  0.01113  0.62439
   0.00242  0.00906  0.72785
   0.00148  0.00703  0.82725
   0.00077  0.00504  0.91267
   0.00029  0.00309  0.97352
   0.00004  0.00120  0.99967
   0.00001 -0.00064  0.98287
   0.00020 -0.00249  0.91606
   0.00065 -0.00436  0.79368
   0.00137 -0.00623  0.62991
   0.00239 -0.00805  0.44284
   0.00369 -0.00980  0.25884
   0.00527 -0.01148  0.09863
   0.00712 -0.01307 -0.03343
   0.00925 -0.01459 -0.13734
   0.01167 -0.01603 -0.21509
   0.01438 -0.01741 -0.27152
   0.01744 -0.01873 -0.31071
   0.02087 -0.02000 -0.33675
   0.02476 -0.02123 -0.35257
   0.02916 -0.02242 -0.35984
   0.03419 -0.02357 -0.35993
   0.03998 -0.02467 -0.35465
   0.04667 -0.02572 -0.34431
   0.05445 -0.02670 -0.32977
   0.06345 -0.02758 -0.31164
   0.07377 -0.02833 -0.29086
   0.08543 -0.02891 -0.26818
   0.09832 -0.02929 -0.24463
   0.11223 -0.02947 -0.22107
   0.12696 -0.02945 -0.19812
   0.14228 -0.02924 -0.17619
   0.15806 -0.02887 -0.15566
   0.17418 -0.02837 -0.13644
   0.19056 -0.02776 -0.11862
   0.20714 -0.02707 -0.10211
   0.22389 -0.02630 -0.08687
   0.24078 -0.02549 -0.07280
   0.25777 -0.02465 -0.05992
   0.27484 -0.02379 -0.04807
   0.29194 -0.02292 -0.03736
   0.30901 -0.02207 -0.02767
   0.32603 -0.02124 -0.01901
   0.34301 -0.02043 -0.01138
   0.35994 -0.01967 -0.00481
   0.37686 -0.01894  0.00068
   0.39378 -0.01827  0.00492
   0.41076 -0.01762  0.00783
   0.42781 -0.01697  0.01069
   0.44491 -0.01629  0.01350
   0.46204 -0.01560  0.01631
   0.47921 -0.01490  0.01911
   0.49639 -0.01420  0.02193
   0.51357 -0.01350  0.02475
   0.53074 -0.01280  0.02752
   0.54790 -0.01211  0.03020
   0.56503 -0.01143  0.03283
   0.58215 -0.01076  0.03534
   0.59926 -0.01011  0.03773
   0.61635 -0.00947  0.04000
   0.63342 -0.00885  0.04209
   0.65049 -0.00825  0.04402
   0.66755 -0.00768  0.04578
   0.68459 -0.00712  0.04734
   0.70164 -0.00659  0.04871
   0.71867 -0.00608  0.04985
   0.73570 -0.00560  0.05078
   0.75273 -0.00514  0.05145
   0.76976 -0.00471  0.05190
   0.78678 -0.00431  0.05206
   0.80381 -0.00393  0.05195
   0.82084 -0.00357  0.05151
   0.83786 -0.00324  0.05075
   0.85489 -0.00294  0.04956
   0.87190 -0.00266  0.04801
   0.88889 -0.00241  0.04597
   0.90581 -0.00218  0.04334
   0.92258 -0.00197  0.04005
   0.93902 -0.00179  0.03596
   0.95483 -0.00163  0.03093
   0.96953 -0.00150  0.02491
   0.98258 -0.00139  0.01769
   0.99368 -0.00131  0.00966
   1.00000 -0.00126 -0.00082
