NACA 4412                                       
 Alfa =   5.40000 Re =    20000.000 Xflap,Yflap =     0.000000    0.000000
#    x        y        Cp  
   1.00000  0.00126 -0.33025
   0.99392  0.00292 -0.33033
   0.98333  0.00577 -0.33045
   0.97098  0.00904 -0.33057
   0.95718  0.01262 -0.33069
   0.94237  0.01638 -0.33081
   0.92696  0.02021 -0.33093
   0.91123  0.02403 -0.33103
   0.89533  0.02780 -0.33113
   0.87933  0.03149 -0.33123
   0.86327  0.03511 -0.33131
   0.84718  0.03864 -0.33140
   0.83106  0.04208 -0.33148
   0.81492  0.04544 -0.33156
   0.79875  0.04870 -0.33164
   0.78258  0.05188 -0.33172
   0.76638  0.05496 -0.33181
   0.75017  0.05796 -0.33189
   0.73395  0.06086 -0.33199
   0.71772  0.06368 -0.33209
   0.70148  0.06640 -0.33221
   0.68523  0.06902 -0.33235
   0.66898  0.07155 -0.33250
   0.65272  0.07398 -0.33268
   0.63645  0.07632 -0.33290
   0.62019  0.07855 -0.33315
   0.60392  0.08069 -0.33346
   0.58766  0.08272 -0.33384
   0.57140  0.08465 -0.33429
   0.55514  0.08647 -0.33485
   0.53889  0.08818 -0.33553
   0.52265  0.08978 -0.33637
   0.50642  0.09127 -0.33742
   0.49021  0.09264 -0.33871
   0.47402  0.09390 -0.34031
   0.45785  0.09503 -0.34232
   0.44172  0.09603 -0.34483
   0.42564  0.09690 -0.34799
   0.40965  0.09765 -0.35195
   0.39382  0.09824 -0.35693
   0.37817  0.09865 -0.36326
   0.36263  0.09885 -0.37130
   0.34716  0.09884 -0.38145
   0.33174  0.09863 -0.39405
   0.31639  0.09821 -0.40920
   0.30109  0.09757 -0.42677
   0.28586  0.09672 -0.44718
   0.27069  0.09564 -0.47013
   0.25561  0.09433 -0.49469
   0.24061  0.09280 -0.51967
   0.22571  0.09103 -0.54385
   0.21092  0.08902 -0.56627
   0.19626  0.08678 -0.58620
   0.18175  0.08429 -0.60311
   0.16741  0.08155 -0.61670
   0.15327  0.07856 -0.62674
   0.13937  0.07533 -0.63314
   0.12576  0.07185 -0.63561
   0.11254  0.06815 -0.63407
   0.09978  0.06426 -0.62856
   0.08762  0.06020 -0.61862
   0.07622  0.05606 -0.60463
   0.06572  0.05190 -0.58608
   0.05625  0.04782 -0.56337
   0.04786  0.04389 -0.53680
   0.04055  0.04017 -0.50603
   0.03423  0.03668 -0.47166
   0.02879  0.03343 -0.43324
   0.02411  0.03040 -0.39063
   0.02008  0.02756 -0.34262
   0.01660  0.02489 -0.28936
   0.01357  0.02236 -0.22849
   0.01095  0.01995 -0.16086
   0.00867  0.01764 -0.08337
   0.00671  0.01541  0.00373
   0.00502  0.01324  0.10320
   0.00360  0.01113  0.21502
   0.00242  0.00906  0.33830
   0.00148  0.00703  0.47155
   0.00077  0.00504  0.60814
   0.00029  0.00309  0.73940
   0.00004  0.00120  0.85536
   0.00001 -0.00064  0.94151
   0.00020 -0.00249  0.99156
   0.00065 -0.00436  0.99516
   0.00137 -0.00623  0.94783
   0.00239 -0.00805  0.85669
   0.00369 -0.00980  0.73951
   0.00527 -0.01148  0.61599
   0.00712 -0.01307  0.49783
   0.00925 -0.01459  0.39143
   0.01167 -0.01603  0.29919
   0.01438 -0.01741  0.22155
   0.01744 -0.01873  0.15692
   0.02087 -0.02000  0.10321
   0.02476 -0.02123  0.05901
   0.02916 -0.02242  0.02313
   0.03419 -0.02357 -0.00579
   0.03998 -0.02467 -0.02881
   0.04667 -0.02572 -0.04646
   0.05445 -0.02670 -0.05924
   0.06345 -0.02758 -0.06736
   0.07377 -0.02833 -0.07152
   0.08543 -0.02891 -0.07226
   0.09832 -0.02929 -0.07013
   0.11223 -0.02947 -0.06595
   0.12696 -0.02945 -0.06021
   0.14228 -0.02924 -0.05357
   0.15806 -0.02887 -0.04668
   0.17418 -0.02837 -0.03950
   0.19056 -0.02776 -0.03256
   0.20714 -0.02707 -0.02585
   0.22389 -0.02630 -0.01949
   0.24078 -0.02549 -0.01358
   0.25777 -0.02465 -0.00820
   0.27484 -0.02379 -0.00338
   0.29194 -0.02292  0.00074
   0.30901 -0.02207  0.00422
   0.32603 -0.02124  0.00693
   0.34301 -0.02043  0.00885
   0.35994 -0.01967  0.00990
   0.37686 -0.01894  0.00997
   0.39378 -0.01827  0.00887
   0.41076 -0.01762  0.00647
   0.42781 -0.01697  0.00410
   0.44491 -0.01629  0.00179
   0.46204 -0.01560 -0.00045
   0.47921 -0.01490 -0.00262
   0.49639 -0.01420 -0.00472
   0.51357 -0.01350 -0.00675
   0.53074 -0.01280 -0.00881
   0.54790 -0.01211 -0.01092
   0.56503 -0.01143 -0.01309
   0.58215 -0.01076 -0.01536
   0.59926 -0.01011 -0.01783
   0.61635 -0.00947 -0.02045
   0.63342 -0.00885 -0.02335
   0.65049 -0.00825 -0.02650
   0.66755 -0.00768 -0.02995
   0.68459 -0.00712 -0.03377
   0.70164 -0.00659 -0.03794
   0.71867 -0.00608 -0.04259
   0.73570 -0.00560 -0.04768
   0.75273 -0.00514 -0.05332
   0.76976 -0.00471 -0.05952
   0.78678 -0.00431 -0.06642
   0.80381 -0.00393 -0.07403
   0.82084 -0.00357 -0.08252
   0.83786 -0.00324 -0.09194
   0.85489 -0.00294 -0.10255
   0.87190 -0.00266 -0.11441
   0.88889 -0.00241 -0.12783
   0.90581 -0.00218 -0.14318
   0.92258 -0.00197 -0.16079
   0.93902 -0.00179 -0.18112
   0.95483 -0.00163 -0.20463
   0.96953 -0.00150 -0.23142
   0.98258 -0.00139 -0.26187
   0.99368 -0.00131 -0.29514
   1.00000 -0.00126 -0.33025
