#    s        x        y     Ue/Vinf    Dstar     Theta      Cf       H
   0.00000  1.00000  0.00126  1.17625  0.184170  0.003117 -0.000304    59.078
   0.00630  0.99392  0.00292  1.17629  0.182758  0.003114 -0.001049    58.690
   0.01727  0.98333  0.00577  1.17634  0.180231  0.003109 -0.001051    57.973
   0.03004  0.97098  0.00904  1.17640  0.177184  0.003104 -0.001053    57.077
   0.04430  0.95718  0.01262  1.17647  0.173707  0.003100 -0.001055    56.031
   0.05958  0.94237  0.01638  1.17653  0.169918  0.003097 -0.001056    54.868
   0.07546  0.92696  0.02021  1.17659  0.165926  0.003094 -0.001057    53.623
   0.09164  0.91123  0.02403  1.17664  0.161811  0.003093 -0.001058    52.324
   0.10799  0.89533  0.02780  1.17669  0.157622  0.003091 -0.001059    50.986
   0.12441  0.87933  0.03149  1.17674  0.153384  0.003091 -0.001059    49.620
   0.14087  0.86327  0.03511  1.17679  0.149117  0.003091 -0.001060    48.236
   0.15734  0.84718  0.03864  1.17683  0.144829  0.003092 -0.001060    46.835
   0.17383  0.83106  0.04208  1.17687  0.140530  0.003094 -0.001060    45.424
   0.19032  0.81492  0.04544  1.17690  0.136222  0.003096 -0.001060    44.005
   0.20680  0.79875  0.04870  1.17693  0.131912  0.003098 -0.001060    42.581
   0.22329  0.78258  0.05188  1.17697  0.127602  0.003101 -0.001059    41.153
   0.23978  0.76638  0.05496  1.17699  0.123295  0.003104 -0.001059    39.724
   0.25626  0.75017  0.05796  1.17702  0.118997  0.003107 -0.001058    38.296
   0.27274  0.73395  0.06086  1.17704  0.114710  0.003111 -0.001058    36.872
   0.28921  0.71772  0.06368  1.17707  0.110435  0.003115 -0.001057    35.453
   0.30568  0.70148  0.06640  1.17709  0.106177  0.003119 -0.001057    34.041
   0.32214  0.68523  0.06902  1.17711  0.101937  0.003123 -0.001056    32.636
   0.33859  0.66898  0.07155  1.17713  0.097721  0.003128 -0.001056    31.243
   0.35503  0.65272  0.07398  1.17715  0.093528  0.003132 -0.001055    29.860
   0.37146  0.63645  0.07632  1.17718  0.089363  0.003137 -0.001055    28.491
   0.38788  0.62019  0.07855  1.17720  0.085227  0.003141 -0.001055    27.135
   0.40429  0.60392  0.08069  1.17723  0.081127  0.003145 -0.001055    25.797
   0.42068  0.58766  0.08272  1.17727  0.077061  0.003149 -0.001056    24.475
   0.43705  0.57140  0.08465  1.17731  0.073037  0.003152 -0.001056    23.173
   0.45341  0.55514  0.08647  1.17736  0.069053  0.003155 -0.001058    21.890
   0.46975  0.53889  0.08818  1.17743  0.065118  0.003157 -0.001059    20.629
   0.48606  0.52265  0.08978  1.17751  0.061231  0.003158 -0.001062    19.390
   0.50236  0.50642  0.09127  1.17762  0.057398  0.003158 -0.001065    18.175
   0.51863  0.49021  0.09264  1.17776  0.053624  0.003157 -0.001069    16.986
   0.53487  0.47402  0.09390  1.17795  0.049912  0.003154 -0.001074    15.824
   0.55108  0.45785  0.09503  1.17818  0.046265  0.003150 -0.001081    14.689
   0.56725  0.44172  0.09603  1.17849  0.042693  0.003143 -0.001090    13.585
   0.58335  0.42564  0.09690  1.17889  0.039202  0.003133 -0.001101    12.513
   0.59935  0.40965  0.09765  1.17941  0.035804  0.003120 -0.001115    11.476
   0.61519  0.39382  0.09824  1.18009  0.032508  0.003103 -0.001133    10.475
   0.63085  0.37817  0.09865  1.18099  0.029389  0.003081 -0.001157     9.538
   0.64639  0.36263  0.09885  1.18219  0.026447  0.003053 -0.001188     8.662
   0.66187  0.34716  0.09884  1.18377  0.023683  0.003018 -0.001228     7.846
   0.67728  0.33174  0.09863  1.18585  0.021103  0.002975 -0.001282     7.092
   0.69264  0.31639  0.09821  1.18856  0.018711  0.002924 -0.001354     6.400
   0.70795  0.30109  0.09757  1.19207  0.016516  0.002862 -0.001444     5.770
   0.72321  0.28586  0.09672  1.19660  0.014525  0.002790 -0.001495     5.206
   0.73841  0.27069  0.09564  1.20234  0.012737  0.002706 -0.001413     4.707
   0.75355  0.25561  0.09433  1.20941  0.011160  0.002612 -0.001031     4.273
   0.76863  0.24061  0.09280  1.21772  0.009784  0.002508 -0.000225     3.901
   0.78363  0.22571  0.09103  1.22741  0.008606  0.002395  0.001018     3.594
   0.79855  0.21092  0.08902  1.23836  0.007611  0.002273  0.002627     3.349
   0.81339  0.19626  0.08678  1.25011  0.006776  0.002146  0.004511     3.157
   0.82811  0.18175  0.08429  1.26201  0.006083  0.002020  0.006549     3.011
   0.84271  0.16741  0.08155  1.27352  0.005498  0.001898  0.008691     2.897
   0.85717  0.15327  0.07856  1.28412  0.005006  0.001781  0.010849     2.811
   0.87144  0.13937  0.07533  1.29359  0.004582  0.001669  0.013023     2.745
   0.88548  0.12576  0.07185  1.30173  0.004209  0.001563  0.015215     2.693
   0.89921  0.11254  0.06815  1.30844  0.003876  0.001461  0.017422     2.653
   0.91255  0.09978  0.06426  1.31372  0.003572  0.001362  0.019705     2.622
   0.92536  0.08762  0.06020  1.31750  0.003293  0.001268  0.022055     2.597
   0.93750  0.07622  0.05606  1.31986  0.003031  0.001177  0.024582     2.576
   0.94879  0.06572  0.05190  1.32069  0.002788  0.001089  0.027250     2.559
   0.95911  0.05625  0.04782  1.32012  0.002560  0.001007  0.030206     2.543
   0.96837  0.04786  0.04389  1.31797  0.002351  0.000929  0.033304     2.530
   0.97657  0.04055  0.04017  1.31444  0.002157  0.000857  0.036750     2.516
   0.98379  0.03423  0.03668  1.30934  0.001980  0.000791  0.040407     2.504
   0.99012  0.02879  0.03343  1.30271  0.001817  0.000730  0.044464     2.490
   0.99570  0.02411  0.03040  1.29425  0.001666  0.000673  0.048899     2.476
   1.00063  0.02008  0.02756  1.28365  0.001528  0.000621  0.053630     2.462
   1.00502  0.01660  0.02489  1.27066  0.001398  0.000572  0.059165     2.444
   1.00896  0.01357  0.02236  1.25425  0.001282  0.000527  0.064538     2.431
   1.01253  0.01095  0.01995  1.23452  0.001169  0.000485  0.070978     2.412
   1.01577  0.00867  0.01764  1.20981  0.001067  0.000446  0.077574     2.394
   1.01874  0.00671  0.01541  1.17926  0.000972  0.000409  0.084622     2.375
   1.02149  0.00502  0.01324  1.14123  0.000884  0.000375  0.091793     2.356
   1.02404  0.00360  0.01113  1.09389  0.000804  0.000344  0.098537     2.336
   1.02642  0.00242  0.00906  1.03546  0.000733  0.000316  0.104065     2.318
   1.02866  0.00148  0.00703  0.96366  0.000669  0.000291  0.108478     2.296
   1.03077  0.00077  0.00504  0.87568  0.000616  0.000270  0.108942     2.277
   1.03277  0.00029  0.00309  0.77158  0.000574  0.000254  0.104600     2.261
   1.03468  0.00004  0.00120  0.65295  0.000543  0.000241  0.094542     2.249
   1.03651  0.00001 -0.00064  0.52323  0.000519  0.000232  0.079664     2.242
   1.03838  0.00020 -0.00249  0.37676  0.000503  0.000225  0.059798     2.233
   1.04030  0.00065 -0.00436  0.21571  0.000503  0.000226  0.034441     2.225
   1.04230  0.00137 -0.00623  0.05410  0.000525  0.000235  0.008246     2.230
   1.04439  0.00239 -0.00805 -0.10538  0.000525  0.000235  0.016057     2.230
   1.04657  0.00369 -0.00980 -0.25101  0.000580  0.000258  0.033969     2.250
   1.04888  0.00527 -0.01148 -0.37427  0.000634  0.000282  0.046347     2.250
   1.05132  0.00712 -0.01307 -0.47927  0.000698  0.000308  0.052972     2.268
   1.05393  0.00925 -0.01459 -0.56610  0.000774  0.000339  0.055753     2.283
   1.05675  0.01167 -0.01603 -0.63731  0.000861  0.000374  0.055485     2.300
   1.05979  0.01438 -0.01741 -0.69648  0.000953  0.000412  0.054163     2.312
   1.06312  0.01744 -0.01873 -0.74517  0.001060  0.000454  0.051122     2.332
   1.06679  0.02087 -0.02000 -0.78594  0.001171  0.000499  0.048203     2.345
   1.07086  0.02476 -0.02123 -0.82037  0.001295  0.000548  0.044820     2.361
   1.07542  0.02916 -0.02242 -0.84925  0.001432  0.000602  0.041248     2.378
   1.08058  0.03419 -0.02357 -0.87370  0.001582  0.000661  0.037839     2.393
   1.08647  0.03998 -0.02467 -0.89455  0.001747  0.000725  0.034568     2.408
   1.09325  0.04667 -0.02572 -0.91205  0.001933  0.000797  0.031308     2.425
   1.10108  0.05445 -0.02670 -0.92673  0.002137  0.000876  0.028319     2.440
   1.11013  0.06345 -0.02758 -0.93866  0.002367  0.000963  0.025443     2.458
   1.12048  0.07377 -0.02833 -0.94817  0.002616  0.001058  0.022873     2.473
   1.13215  0.08543 -0.02891 -0.95553  0.002885  0.001159  0.020579     2.488
   1.14504  0.09832 -0.02929 -0.96076  0.003173  0.001266  0.018482     2.505
   1.15896  0.11223 -0.02947 -0.96435  0.003467  0.001376  0.016718     2.519
   1.17368  0.12696 -0.02945 -0.96657  0.003767  0.001487  0.015192     2.533
   1.18901  0.14228 -0.02924 -0.96777  0.004067  0.001598  0.013898     2.545
   1.20480  0.15806 -0.02887 -0.96829  0.004359  0.001706  0.012831     2.555
   1.22092  0.17418 -0.02837 -0.96827  0.004649  0.001812  0.011899     2.565
   1.23731  0.19056 -0.02776 -0.96794  0.004929  0.001916  0.011126     2.573
   1.25391  0.20714 -0.02707 -0.96744  0.005199  0.002016  0.010473     2.579
   1.27067  0.22389 -0.02630 -0.96683  0.005460  0.002114  0.009915     2.583
   1.28758  0.24078 -0.02549 -0.96620  0.005709  0.002208  0.009448     2.586
   1.30460  0.25777 -0.02465 -0.96567  0.005942  0.002298  0.009068     2.586
   1.32169  0.27484 -0.02379 -0.96522  0.006164  0.002384  0.008747     2.585
   1.33881  0.29194 -0.02292 -0.96501  0.006364  0.002466  0.008513     2.581
   1.35590  0.30901 -0.02207 -0.96497  0.006551  0.002544  0.008318     2.576
   1.37294  0.32603 -0.02124 -0.96521  0.006716  0.002616  0.008192     2.567
   1.38994  0.34301 -0.02043 -0.96579  0.006859  0.002683  0.008129     2.556
   1.40689  0.35994 -0.01967 -0.96675  0.006978  0.002745  0.008119     2.542
   1.42382  0.37686 -0.01894 -0.96813  0.007073  0.002801  0.008171     2.525
   1.44075  0.39378 -0.01827 -0.97013  0.007133  0.002849  0.008311     2.504
   1.45775  0.41076 -0.01762 -0.97276  0.007164  0.002890  0.008516     2.479
   1.47481  0.42781 -0.01697 -0.97531  0.007229  0.002932  0.008588     2.465
   1.49192  0.44491 -0.01629 -0.97775  0.007314  0.002976  0.008579     2.457
   1.50907  0.46204 -0.01560 -0.98008  0.007412  0.003021  0.008522     2.453
   1.52625  0.47921 -0.01490 -0.98231  0.007516  0.003066  0.008438     2.451
   1.54344  0.49639 -0.01420 -0.98446  0.007622  0.003111  0.008347     2.450
   1.56064  0.51357 -0.01350 -0.98652  0.007731  0.003155  0.008248     2.450
   1.57783  0.53074 -0.01280 -0.98855  0.007834  0.003198  0.008163     2.450
   1.59499  0.54790 -0.01211 -0.99059  0.007932  0.003240  0.008089     2.448
   1.61214  0.56503 -0.01143 -0.99263  0.008025  0.003280  0.008029     2.446
   1.62928  0.58215 -0.01076 -0.99470  0.008111  0.003319  0.007981     2.444
   1.64639  0.59926 -0.01011 -0.99685  0.008188  0.003356  0.007955     2.440
   1.66350  0.61635 -0.00947 -0.99908  0.008257  0.003391  0.007944     2.435
   1.68058  0.63342 -0.00885 -1.00143  0.008315  0.003423  0.007957     2.429
   1.69766  0.65049 -0.00825 -1.00390  0.008365  0.003453  0.007985     2.422
   1.71473  0.66755 -0.00768 -1.00653  0.008404  0.003481  0.008033     2.414
   1.73178  0.68459 -0.00712 -1.00934  0.008432  0.003506  0.008103     2.405
   1.74883  0.70164 -0.00659 -1.01233  0.008451  0.003528  0.008189     2.395
   1.76588  0.71867 -0.00608 -1.01556  0.008456  0.003547  0.008302     2.384
   1.78292  0.73570 -0.00560 -1.01902  0.008452  0.003563  0.008433     2.372
   1.79995  0.75273 -0.00514 -1.02276  0.008435  0.003575  0.008590     2.359
   1.81698  0.76976 -0.00471 -1.02679  0.008408  0.003584  0.008768     2.346
   1.83401  0.78678 -0.00431 -1.03117  0.008366  0.003589  0.008975     2.331
   1.85104  0.80381 -0.00393 -1.03592  0.008313  0.003591  0.009211     2.315
   1.86807  0.82084 -0.00357 -1.04112  0.008244  0.003587  0.009485     2.298
   1.88510  0.83786 -0.00324 -1.04679  0.008161  0.003579  0.009795     2.280
   1.90213  0.85489 -0.00294 -1.05308  0.008059  0.003565  0.010159     2.261
   1.91914  0.87190 -0.00266 -1.05999  0.007941  0.003545  0.010572     2.240
   1.93613  0.88889 -0.00241 -1.06769  0.007803  0.003518  0.011056     2.218
   1.95305  0.90581 -0.00218 -1.07636  0.007638  0.003482  0.011638     2.193
   1.96983  0.92258 -0.00197 -1.08616  0.007447  0.003437  0.012330     2.167
   1.98627  0.93902 -0.00179 -1.09730  0.007223  0.003381  0.013174     2.137
   2.00209  0.95483 -0.00163 -1.11001  0.006964  0.003311  0.014216     2.103
   2.01678  0.96953 -0.00150 -1.12428  0.006670  0.003228  0.015494     2.067
   2.02984  0.98258 -0.00139 -1.14035  0.006333  0.003128  0.017115     2.025
   2.04093  0.99368 -0.00131 -1.15779  0.005976  0.003018  0.019061     1.980
   2.04725  1.00000 -0.00126 -1.17625  0.005526  0.002881  0.021940     1.918
   2.04725  1.00010 -0.00001  1.17625  0.192171  0.005998  0.000000    32.038
   2.05356  1.00636 -0.00080  1.17347  0.192166  0.006484  0.000000    29.638
   2.06096  1.01372 -0.00157  1.16998  0.191908  0.007097  0.000000    27.040
   2.06964  1.02236 -0.00239  1.16586  0.191480  0.007826  0.000000    24.466
   2.07981  1.03249 -0.00324  1.16100  0.190834  0.008695  0.000000    21.948
   2.09174  1.04439 -0.00415  1.15523  0.189913  0.009737  0.000000    19.504
   2.10574  1.05835 -0.00509  1.14844  0.188628  0.010978  0.000000    17.182
   2.12215  1.07473 -0.00607  1.14044  0.186871  0.012458  0.000000    15.000
   2.14139  1.09395 -0.00705  1.13101  0.184503  0.014226  0.000000    12.969
   2.16396  1.11650 -0.00802  1.11987  0.181354  0.016345  0.000000    11.095
   2.19042  1.14294 -0.00894  1.10674  0.177199  0.018885  0.000000     9.383
   2.22145  1.17397 -0.00976  1.09121  0.171770  0.021939  0.000000     7.830
   2.25784  1.21035 -0.01042  1.07246  0.164781  0.025696  0.000000     6.413
   2.30052  1.25303 -0.01084  1.04941  0.155918  0.030420  0.000000     5.126
   2.35057  1.30308 -0.01090  1.01974  0.144998  0.036695  0.000000     3.951
   2.40926  1.36176 -0.01047  0.98709  0.131653  0.043855  0.000000     3.002
   2.47809  1.43058 -0.00940  0.96262  0.116052  0.049318  0.000000     2.353
   2.55880  1.51127 -0.00746  0.94861  0.099841  0.052395  0.000000     1.906
   2.65345  1.60587 -0.00440  0.94547  0.084949  0.053053  0.000000     1.601
   2.76445  1.71678  0.00007  0.95054  0.072768  0.052069  0.000000     1.398
   2.89461  1.84679  0.00633  0.95995  0.063591  0.050389  0.000000     1.262
   3.04725  1.99920  0.01482  0.98546  0.053885  0.046317  0.000000     1.163
