NACA 4412                                       
 Alfa =  18.30000 Re =    20000.000 Xflap,Yflap =     0.000000    0.000000
#    x        y        Cp  
   1.00000  0.00126 -0.56815
   0.99392  0.00292 -0.56967
   0.98333  0.00577 -0.57234
   0.97098  0.00904 -0.57550
   0.95718  0.01262 -0.57909
   0.94237  0.01638 -0.58302
   0.92696  0.02021 -0.58721
   0.91123  0.02403 -0.59158
   0.89533  0.02780 -0.59612
   0.87933  0.03149 -0.60081
   0.86327  0.03511 -0.60564
   0.84718  0.03864 -0.61064
   0.83106  0.04208 -0.61580
   0.81492  0.04544 -0.62113
   0.79875  0.04870 -0.62664
   0.78258  0.05188 -0.63235
   0.76638  0.05496 -0.63828
   0.75017  0.05796 -0.64443
   0.73395  0.06086 -0.65083
   0.71772  0.06368 -0.65750
   0.70148  0.06640 -0.66447
   0.68523  0.06902 -0.67174
   0.66898  0.07155 -0.67937
   0.65272  0.07398 -0.68752
   0.63645  0.07632 -0.69612
   0.62019  0.07855 -0.70521
   0.60392  0.08069 -0.71486
   0.58766  0.08272 -0.72513
   0.57140  0.08465 -0.73612
   0.55514  0.08647 -0.74796
   0.53889  0.08818 -0.76079
   0.52265  0.08978 -0.77484
   0.50642  0.09127 -0.79041
   0.49021  0.09264 -0.80783
   0.47402  0.09390 -0.82800
   0.45785  0.09503 -0.85258
   0.44172  0.09603 -0.88695
   0.42564  0.09690 -0.90987
   0.40965  0.09765 -0.91062
   0.39382  0.09824 -0.91135
   0.37817  0.09865 -0.91210
   0.36263  0.09885 -0.91286
   0.34716  0.09884 -0.91366
   0.33174  0.09863 -0.91449
   0.31639  0.09821 -0.91536
   0.30109  0.09757 -0.91627
   0.28586  0.09672 -0.91723
   0.27069  0.09564 -0.91825
   0.25561  0.09433 -0.91934
   0.24061  0.09280 -0.92050
   0.22571  0.09103 -0.92174
   0.21092  0.08902 -0.92308
   0.19626  0.08678 -0.92454
   0.18175  0.08429 -0.92614
   0.16741  0.08155 -0.92790
   0.15327  0.07856 -0.92986
   0.13937  0.07533 -0.93207
   0.12576  0.07185 -0.93459
   0.11254  0.06815 -0.93750
   0.09978  0.06426 -0.94091
   0.08762  0.06020 -0.94499
   0.07622  0.05606 -0.94995
   0.06572  0.05190 -0.95608
   0.05625  0.04782 -0.96376
   0.04786  0.04389 -0.97351
   0.04055  0.04017 -0.98598
   0.03423  0.03668 -1.00195
   0.02879  0.03343 -1.02244
   0.02411  0.03040 -1.04875
   0.02008  0.02756 -1.08262
   0.01660  0.02489 -1.12609
   0.01357  0.02236 -1.18071
   0.01095  0.01995 -1.24623
   0.00867  0.01764 -1.32309
   0.00671  0.01541 -1.40853
   0.00502  0.01324 -1.49527
   0.00360  0.01113 -1.57349
   0.00242  0.00906 -1.63039
   0.00148  0.00703 -1.65025
   0.00077  0.00504 -1.61990
   0.00029  0.00309 -1.52699
   0.00004  0.00120 -1.36662
   0.00001 -0.00064 -1.15083
   0.00020 -0.00249 -0.86986
   0.00065 -0.00436 -0.53726
   0.00137 -0.00623 -0.17754
   0.00239 -0.00805  0.16185
   0.00369 -0.00980  0.44471
   0.00527 -0.01148  0.66366
   0.00712 -0.01307  0.81560
   0.00925 -0.01459  0.91324
   0.01167 -0.01603  0.96986
   0.01438 -0.01741  0.99501
   0.01744 -0.01873  0.99931
   0.02087 -0.02000  0.98747
   0.02476 -0.02123  0.96595
   0.02916 -0.02242  0.93599
   0.03419 -0.02357  0.90092
   0.03998 -0.02467  0.86202
   0.04667 -0.02572  0.82035
   0.05445 -0.02670  0.77745
   0.06345 -0.02758  0.73433
   0.07377 -0.02833  0.69185
   0.08543 -0.02891  0.65105
   0.09832 -0.02929  0.61308
   0.11223 -0.02947  0.57878
   0.12696 -0.02945  0.54775
   0.14228 -0.02924  0.52050
   0.15806 -0.02887  0.49599
   0.17418 -0.02837  0.47433
   0.19056 -0.02776  0.45475
   0.20714 -0.02707  0.43712
   0.22389 -0.02630  0.42092
   0.24078 -0.02549  0.40603
   0.25777 -0.02465  0.39204
   0.27484 -0.02379  0.37883
   0.29194 -0.02292  0.36607
   0.30901 -0.02207  0.35386
   0.32603 -0.02124  0.34179
   0.34301 -0.02043  0.32981
   0.35994 -0.01967  0.31758
   0.37686 -0.01894  0.30494
   0.39378 -0.01827  0.29145
   0.41076 -0.01762  0.27681
   0.42781 -0.01697  0.26261
   0.44491 -0.01629  0.24884
   0.46204 -0.01560  0.23571
   0.47921 -0.01490  0.22296
   0.49639 -0.01420  0.21054
   0.51357 -0.01350  0.19846
   0.53074 -0.01280  0.18656
   0.54790 -0.01211  0.17474
   0.56503 -0.01143  0.16292
   0.58215 -0.01076  0.15110
   0.59926 -0.01011  0.13908
   0.61635 -0.00947  0.12699
   0.63342 -0.00885  0.11449
   0.65049 -0.00825  0.10174
   0.66755 -0.00768  0.08861
   0.68459 -0.00712  0.07496
   0.70164 -0.00659  0.06084
   0.71867 -0.00608  0.04609
   0.73570 -0.00560  0.03065
   0.75273 -0.00514  0.01444
   0.76976 -0.00471 -0.00264
   0.78678 -0.00431 -0.02074
   0.80381 -0.00393 -0.03996
   0.82084 -0.00357 -0.06055
   0.83786 -0.00324 -0.08266
   0.85489 -0.00294 -0.10666
   0.87190 -0.00266 -0.13277
   0.88889 -0.00241 -0.16136
   0.90581 -0.00218 -0.19330
   0.92258 -0.00197 -0.22897
   0.93902 -0.00179 -0.26928
   0.95483 -0.00163 -0.31519
   0.96953 -0.00150 -0.36685
   0.98258 -0.00139 -0.42607
   0.99368 -0.00131 -0.49218
   1.00000 -0.00126 -0.56815
