#    s        x        y     Ue/Vinf    Dstar     Theta      Cf       H
   0.00000  1.00000  0.00126  1.00144  0.051936  0.011603 -0.000080     4.476
   0.00630  0.99392  0.00292  1.00500  0.051255  0.011339 -0.000085     4.520
   0.01727  0.98333  0.00577  1.01143  0.050025  0.010875 -0.000094     4.600
   0.03004  0.97098  0.00904  1.01934  0.048648  0.010326 -0.000105     4.711
   0.04430  0.95718  0.01262  1.02878  0.047194  0.009700 -0.000118     4.865
   0.05958  0.94237  0.01638  1.03966  0.045739  0.009015 -0.000133     5.073
   0.07546  0.92696  0.02021  1.05189  0.044332  0.008287 -0.000148     5.349
   0.09164  0.91123  0.02403  1.06545  0.043001  0.007526 -0.000164     5.713
   0.10799  0.89533  0.02780  1.08041  0.041749  0.006737 -0.000180     6.197
   0.12441  0.87933  0.03149  1.09702  0.040561  0.005917 -0.000201     6.855
   0.14087  0.86327  0.03511  1.11576  0.039411  0.005054 -0.000231     7.799
   0.15734  0.84718  0.03864  1.13700  0.038260  0.004146 -0.000277     9.228
   0.17383  0.83106  0.04208  1.16191  0.037030  0.003166 -0.000297    11.695
   0.19032  0.81492  0.04544  1.18741  0.035714  0.002255 -0.000505    15.836
   0.20680  0.79875  0.04870  1.18785  0.034803  0.002244 -0.000508    15.511
   0.22329  0.78258  0.05188  1.18825  0.033723  0.002234 -0.000512    15.097
   0.23978  0.76638  0.05496  1.18862  0.032532  0.002225 -0.000515    14.622
   0.25626  0.75017  0.05796  1.18899  0.031264  0.002216 -0.000518    14.105
   0.27274  0.73395  0.06086  1.18937  0.029941  0.002208 -0.000522    13.558
   0.28921  0.71772  0.06368  1.18977  0.028577  0.002200 -0.000526    12.989
   0.30568  0.70148  0.06640  1.19020  0.027187  0.002192 -0.000530    12.405
   0.32214  0.68523  0.06902  1.19067  0.025779  0.002183 -0.000535    11.811
   0.33859  0.66898  0.07155  1.19119  0.024366  0.002173 -0.000540    11.214
   0.35503  0.65272  0.07398  1.19178  0.022954  0.002162 -0.000547    10.617
   0.37146  0.63645  0.07632  1.19246  0.021550  0.002150 -0.000554    10.023
   0.38788  0.62019  0.07855  1.19325  0.020162  0.002137 -0.000563     9.436
   0.40429  0.60392  0.08069  1.19418  0.018798  0.002121 -0.000573     8.861
   0.42068  0.58766  0.08272  1.19527  0.017461  0.002104 -0.000586     8.298
   0.43705  0.57140  0.08465  1.19657  0.016161  0.002085 -0.000601     7.752
   0.45341  0.55514  0.08647  1.19813  0.014902  0.002063 -0.000619     7.224
   0.46975  0.53889  0.08818  1.19999  0.013690  0.002038 -0.000643     6.718
   0.48606  0.52265  0.08978  1.20223  0.012530  0.002010 -0.000671     6.235
   0.50236  0.50642  0.09127  1.20493  0.011427  0.001978 -0.000704     5.778
   0.51863  0.49021  0.09264  1.20818  0.010389  0.001942 -0.000726     5.351
   0.53487  0.47402  0.09390  1.21209  0.009417  0.001901 -0.000722     4.953
   0.55108  0.45785  0.09503  1.21673  0.008511  0.001857 -0.000655     4.584
   0.56725  0.44172  0.09603  1.22214  0.007675  0.001808 -0.000481     4.246
   0.58335  0.42564  0.09690  1.22826  0.006907  0.001755 -0.000159     3.936
   0.59935  0.40965  0.09765  1.23523  0.006206  0.001698  0.000342     3.654
   0.61519  0.39382  0.09824  1.24317  0.005559  0.001636  0.001056     3.399
   0.63085  0.37817  0.09865  1.25171  0.005022  0.001570  0.001876     3.198
   0.64639  0.36263  0.09885  1.26036  0.004581  0.001505  0.002737     3.045
   0.66187  0.34716  0.09884  1.26869  0.004217  0.001441  0.003603     2.927
   0.67728  0.33174  0.09863  1.27638  0.003913  0.001380  0.004451     2.835
   0.69264  0.31639  0.09821  1.28322  0.003655  0.001323  0.005274     2.763
   0.70795  0.30109  0.09757  1.28909  0.003433  0.001269  0.006060     2.706
   0.72321  0.28586  0.09672  1.29395  0.003238  0.001217  0.006820     2.660
   0.73841  0.27069  0.09564  1.29775  0.003065  0.001169  0.007552     2.623
   0.75355  0.25561  0.09433  1.30052  0.002908  0.001122  0.008269     2.592
   0.76863  0.24061  0.09280  1.30221  0.002763  0.001077  0.008972     2.566
   0.78363  0.22571  0.09103  1.30285  0.002629  0.001034  0.009670     2.543
   0.79855  0.21092  0.08902  1.30238  0.002502  0.000991  0.010367     2.525
   0.81339  0.19626  0.08678  1.30080  0.002381  0.000950  0.011079     2.508
   0.82811  0.18175  0.08429  1.29801  0.002266  0.000909  0.011792     2.494
   0.84271  0.16741  0.08155  1.29402  0.002154  0.000868  0.012534     2.481
   0.85717  0.15327  0.07856  1.28868  0.002045  0.000828  0.013290     2.471
   0.87144  0.13937  0.07533  1.28200  0.001937  0.000787  0.014118     2.460
   0.88548  0.12576  0.07185  1.27370  0.001832  0.000747  0.014960     2.452
   0.89921  0.11254  0.06815  1.26380  0.001727  0.000707  0.015881     2.444
   0.91255  0.09978  0.06426  1.25210  0.001623  0.000666  0.016848     2.437
   0.92536  0.08762  0.06020  1.23860  0.001519  0.000625  0.017953     2.429
   0.93750  0.07622  0.05606  1.22302  0.001417  0.000585  0.019124     2.423
   0.94879  0.06572  0.05190  1.20548  0.001318  0.000545  0.020399     2.417
   0.95911  0.05625  0.04782  1.18604  0.001222  0.000507  0.021793     2.410
   0.96837  0.04786  0.04389  1.16475  0.001130  0.000470  0.023302     2.403
   0.97657  0.04055  0.04017  1.14160  0.001044  0.000436  0.024937     2.394
   0.98379  0.03423  0.03668  1.11651  0.000966  0.000404  0.026519     2.389
   0.99012  0.02879  0.03343  1.08975  0.000891  0.000374  0.028332     2.379
   0.99570  0.02411  0.03040  1.06051  0.000821  0.000347  0.030182     2.369
   1.00063  0.02008  0.02756  1.02854  0.000759  0.000321  0.031922     2.362
   1.00502  0.01660  0.02489  0.99349  0.000697  0.000297  0.034056     2.347
   1.00896  0.01357  0.02236  0.95395  0.000644  0.000275  0.035550     2.342
   1.01253  0.01095  0.01995  0.91022  0.000590  0.000254  0.037615     2.326
   1.01577  0.00867  0.01764  0.86000  0.000544  0.000235  0.038750     2.320
   1.01874  0.00671  0.01541  0.80302  0.000497  0.000216  0.040367     2.300
   1.02149  0.00502  0.01324  0.73642  0.000458  0.000200  0.040376     2.294
   1.02404  0.00360  0.01113  0.66027  0.000419  0.000184  0.040195     2.278
   1.02642  0.00242  0.00906  0.57105  0.000386  0.000170  0.038140     2.267
   1.02866  0.00148  0.00703  0.46863  0.000356  0.000158  0.034207     2.257
   1.03077  0.00077  0.00504  0.35108  0.000331  0.000148  0.027972     2.242
   1.03277  0.00029  0.00309  0.21993  0.000312  0.000140  0.018600     2.239
   1.03468  0.00004  0.00120  0.07727  0.000295  0.000133  0.006971     2.230
   1.03651  0.00001 -0.00064 -0.07013  0.000295  0.000133  0.006330     2.230
   1.03838  0.00020 -0.00249 -0.22763  0.000285  0.000128  0.021415     2.224
   1.04030  0.00065 -0.00436 -0.39272  0.000287  0.000129  0.036241     2.236
   1.04230  0.00137 -0.00623 -0.54943  0.000301  0.000134  0.048039     2.245
   1.04439  0.00239 -0.00805 -0.68875  0.000322  0.000143  0.055352     2.261
   1.04657  0.00369 -0.00980 -0.80560  0.000353  0.000155  0.058140     2.280
   1.04888  0.00527 -0.01148 -0.89844  0.000392  0.000170  0.056941     2.305
   1.05132  0.00712 -0.01307 -0.96921  0.000440  0.000189  0.053372     2.332
   1.05393  0.00925 -0.01459 -1.02227  0.000495  0.000210  0.048838     2.357
   1.05675  0.01167 -0.01603 -1.06110  0.000558  0.000234  0.043742     2.386
   1.05979  0.01438 -0.01741 -1.08952  0.000626  0.000260  0.039053     2.411
   1.06312  0.01744 -0.01873 -1.10955  0.000703  0.000288  0.034388     2.440
   1.06679  0.02087 -0.02000 -1.12361  0.000785  0.000319  0.030399     2.464
   1.07086  0.02476 -0.02123 -1.13278  0.000877  0.000352  0.026659     2.492
   1.07542  0.02916 -0.02242 -1.13806  0.000978  0.000388  0.023326     2.519
   1.08058  0.03419 -0.02357 -1.14024  0.001090  0.000428  0.020370     2.545
   1.08647  0.03998 -0.02467 -1.13985  0.001214  0.000472  0.017744     2.572
   1.09325  0.04667 -0.02572 -1.13731  0.001352  0.000520  0.015417     2.599
   1.10108  0.05445 -0.02670 -1.13282  0.001508  0.000574  0.013324     2.628
   1.11013  0.06345 -0.02758 -1.12649  0.001684  0.000633  0.011429     2.659
   1.12048  0.07377 -0.02833 -1.11893  0.001875  0.000698  0.009853     2.687
   1.13215  0.08543 -0.02891 -1.11029  0.002086  0.000767  0.008459     2.718
   1.14504  0.09832 -0.02929 -1.10100  0.002312  0.000841  0.007280     2.749
   1.15896  0.11223 -0.02947 -1.09148  0.002547  0.000916  0.006303     2.779
   1.17368  0.12696 -0.02945 -1.08203  0.002788  0.000993  0.005495     2.808
   1.18901  0.14228 -0.02924 -1.07279  0.003034  0.001069  0.004809     2.837
   1.20480  0.15806 -0.02887 -1.06402  0.003276  0.001145  0.004272     2.862
   1.22092  0.17418 -0.02837 -1.05567  0.003519  0.001219  0.003809     2.886
   1.23731  0.19056 -0.02776 -1.04784  0.003755  0.001292  0.003438     2.907
   1.25391  0.20714 -0.02707 -1.04050  0.003986  0.001362  0.003132     2.925
   1.27067  0.22389 -0.02630 -1.03365  0.004210  0.001431  0.002878     2.941
   1.28758  0.24078 -0.02549 -1.02728  0.004423  0.001498  0.002679     2.952
   1.30460  0.25777 -0.02465 -1.02141  0.004623  0.001563  0.002523     2.958
   1.32169  0.27484 -0.02379 -1.01597  0.004813  0.001625  0.002400     2.961
   1.33881  0.29194 -0.02292 -1.01106  0.004981  0.001685  0.002323     2.957
   1.35590  0.30901 -0.02207 -1.00657  0.005137  0.001742  0.002267     2.949
   1.37294  0.32603 -0.02124 -1.00259  0.005270  0.001795  0.002249     2.935
   1.38994  0.34301 -0.02043 -0.99910  0.005382  0.001846  0.002260     2.916
   1.40689  0.35994 -0.01967 -0.99610  0.005470  0.001893  0.002300     2.890
   1.42382  0.37686 -0.01894 -0.99365  0.005532  0.001936  0.002375     2.858
   1.44075  0.39378 -0.01827 -0.99182  0.005562  0.001974  0.002492     2.817
   1.45775  0.41076 -0.01762 -0.99068  0.005561  0.002007  0.002650     2.770
   1.47481  0.42781 -0.01697 -0.98951  0.005599  0.002042  0.002727     2.742
   1.49192  0.44491 -0.01629 -0.98835  0.005658  0.002078  0.002759     2.723
   1.50907  0.46204 -0.01560 -0.98716  0.005734  0.002114  0.002756     2.713
   1.52625  0.47921 -0.01490 -0.98595  0.005821  0.002150  0.002730     2.707
   1.54344  0.49639 -0.01420 -0.98472  0.005914  0.002187  0.002693     2.704
   1.56064  0.51357 -0.01350 -0.98346  0.006015  0.002224  0.002643     2.705
   1.57783  0.53074 -0.01280 -0.98223  0.006116  0.002261  0.002594     2.705
   1.59499  0.54790 -0.01211 -0.98102  0.006215  0.002297  0.002547     2.706
   1.61214  0.56503 -0.01143 -0.97984  0.006314  0.002332  0.002500     2.707
   1.62928  0.58215 -0.01076 -0.97870  0.006411  0.002367  0.002457     2.708
   1.64639  0.59926 -0.01011 -0.97763  0.006502  0.002401  0.002421     2.708
   1.66350  0.61635 -0.00947 -0.97660  0.006590  0.002435  0.002390     2.707
   1.68058  0.63342 -0.00885 -0.97567  0.006671  0.002467  0.002366     2.704
   1.69766  0.65049 -0.00825 -0.97481  0.006747  0.002499  0.002348     2.700
   1.71473  0.66755 -0.00768 -0.97405  0.006816  0.002529  0.002337     2.695
   1.73178  0.68459 -0.00712 -0.97338  0.006879  0.002558  0.002332     2.689
   1.74883  0.70164 -0.00659 -0.97281  0.006935  0.002586  0.002333     2.682
   1.76588  0.71867 -0.00608 -0.97236  0.006983  0.002613  0.002341     2.673
   1.78292  0.73570 -0.00560 -0.97202  0.007025  0.002638  0.002355     2.662
   1.79995  0.75273 -0.00514 -0.97181  0.007058  0.002662  0.002376     2.651
   1.81698  0.76976 -0.00471 -0.97172  0.007085  0.002685  0.002401     2.639
   1.83401  0.78678 -0.00431 -0.97177  0.007103  0.002706  0.002434     2.625
   1.85104  0.80381 -0.00393 -0.97198  0.007113  0.002726  0.002474     2.610
   1.86807  0.82084 -0.00357 -0.97235  0.007115  0.002743  0.002521     2.593
   1.88510  0.83786 -0.00324 -0.97289  0.007108  0.002759  0.002575     2.576
   1.90213  0.85489 -0.00294 -0.97366  0.007089  0.002773  0.002641     2.557
   1.91914  0.87190 -0.00266 -0.97462  0.007063  0.002784  0.002712     2.537
   1.93613  0.88889 -0.00241 -0.97584  0.007023  0.002793  0.002797     2.515
   1.95305  0.90581 -0.00218 -0.97737  0.006970  0.002799  0.002897     2.491
   1.96983  0.92258 -0.00197 -0.97925  0.006900  0.002800  0.003015     2.464
   1.98627  0.93902 -0.00179 -0.98155  0.006812  0.002798  0.003155     2.435
   2.00209  0.95483 -0.00163 -0.98434  0.006700  0.002789  0.003325     2.402
   2.01678  0.96953 -0.00150 -0.98764  0.006565  0.002774  0.003527     2.367
   2.02984  0.98258 -0.00139 -0.99155  0.006400  0.002751  0.003776     2.326
   2.04093  0.99368 -0.00131 -0.99587  0.006220  0.002722  0.004057     2.285
   2.04725  1.00000 -0.00126 -1.00144  0.005948  0.002671  0.004501     2.227
   2.04725  1.00010 -0.00001  1.00144  0.060359  0.014274  0.000000     4.228
   2.05356  1.00636 -0.00082  0.99753  0.059493  0.014622  0.000000     4.069
   2.06096  1.01371 -0.00164  0.99150  0.058296  0.015160  0.000000     3.845
   2.06964  1.02234 -0.00255  0.98412  0.056828  0.015821  0.000000     3.592
   2.07981  1.03246 -0.00355  0.97635  0.055019  0.016522  0.000000     3.330
   2.09174  1.04434 -0.00466  0.96865  0.052835  0.017216  0.000000     3.069
   2.10574  1.05828 -0.00589  0.96096  0.050275  0.017907  0.000000     2.808
   2.12215  1.07464 -0.00724  0.95377  0.047340  0.018547  0.000000     2.552
   2.14139  1.09382 -0.00873  0.94772  0.044068  0.019078  0.000000     2.310
   2.16396  1.11633 -0.01037  0.94348  0.040549  0.019441  0.000000     2.086
   2.19042  1.14273 -0.01215  0.94165  0.036925  0.019592  0.000000     1.885
   2.22145  1.17370 -0.01409  0.94254  0.033376  0.019522  0.000000     1.710
   2.25784  1.21004 -0.01619  0.94598  0.030086  0.019264  0.000000     1.562
   2.30052  1.25265 -0.01843  0.95135  0.027194  0.018887  0.000000     1.440
   2.35057  1.30265 -0.02082  0.95772  0.024763  0.018464  0.000000     1.341
   2.40926  1.36128 -0.02335  0.96427  0.022788  0.018053  0.000000     1.262
   2.47809  1.43006 -0.02598  0.97042  0.021218  0.017686  0.000000     1.200
   2.55880  1.51072 -0.02870  0.97588  0.019989  0.017374  0.000000     1.150
   2.65345  1.60533 -0.03146  0.98057  0.019037  0.017115  0.000000     1.112
   2.76445  1.71630 -0.03422  0.98451  0.018311  0.016904  0.000000     1.083
   2.89461  1.84643 -0.03691  0.98775  0.017762  0.016734  0.000000     1.061
   3.04725  1.99905 -0.03948  0.99145  0.017293  0.016544  0.000000     1.045
