NACA 4412                                       
 Alfa =  15.00000 Re =    20000.000 Xflap,Yflap =     0.000000    0.000000
#    x        y        Cp  
   1.00000  0.00126 -0.46435
   0.99392  0.00292 -0.46621
   0.98333  0.00577 -0.46951
   0.97098  0.00904 -0.47342
   0.95718  0.01262 -0.47789
   0.94237  0.01638 -0.48283
   0.92696  0.02021 -0.48811
   0.91123  0.02403 -0.49368
   0.89533  0.02780 -0.49951
   0.87933  0.03149 -0.50559
   0.86327  0.03511 -0.51193
   0.84718  0.03864 -0.51854
   0.83106  0.04208 -0.52544
   0.81492  0.04544 -0.53267
   0.79875  0.04870 -0.54032
   0.78258  0.05188 -0.54843
   0.76638  0.05496 -0.55699
   0.75017  0.05796 -0.56605
   0.73395  0.06086 -0.57568
   0.71772  0.06368 -0.58596
   0.70148  0.06640 -0.59700
   0.68523  0.06902 -0.60895
   0.66898  0.07155 -0.62199
   0.65272  0.07398 -0.63641
   0.63645  0.07632 -0.65253
   0.62019  0.07855 -0.67113
   0.60392  0.08069 -0.69386
   0.58766  0.08272 -0.72624
   0.57140  0.08465 -0.73961
   0.55514  0.08647 -0.74013
   0.53889  0.08818 -0.74065
   0.52265  0.08978 -0.74116
   0.50642  0.09127 -0.74168
   0.49021  0.09264 -0.74219
   0.47402  0.09390 -0.74270
   0.45785  0.09503 -0.74321
   0.44172  0.09603 -0.74371
   0.42564  0.09690 -0.74421
   0.40965  0.09765 -0.74470
   0.39382  0.09824 -0.74517
   0.37817  0.09865 -0.74564
   0.36263  0.09885 -0.74613
   0.34716  0.09884 -0.74664
   0.33174  0.09863 -0.74718
   0.31639  0.09821 -0.74775
   0.30109  0.09757 -0.74836
   0.28586  0.09672 -0.74903
   0.27069  0.09564 -0.74976
   0.25561  0.09433 -0.75059
   0.24061  0.09280 -0.75151
   0.22571  0.09103 -0.75258
   0.21092  0.08902 -0.75382
   0.19626  0.08678 -0.75529
   0.18175  0.08429 -0.75706
   0.16741  0.08155 -0.75923
   0.15327  0.07856 -0.76193
   0.13937  0.07533 -0.76538
   0.12576  0.07185 -0.76987
   0.11254  0.06815 -0.77581
   0.09978  0.06426 -0.78381
   0.08762  0.06020 -0.79469
   0.07622  0.05606 -0.80950
   0.06572  0.05190 -0.82953
   0.05625  0.04782 -0.85619
   0.04786  0.04389 -0.89090
   0.04055  0.04017 -0.93460
   0.03423  0.03668 -0.98685
   0.02879  0.03343 -1.04605
   0.02411  0.03040 -1.11127
   0.02008  0.02756 -1.18030
   0.01660  0.02489 -1.25040
   0.01357  0.02236 -1.31866
   0.01095  0.01995 -1.38274
   0.00867  0.01764 -1.43887
   0.00671  0.01541 -1.48417
   0.00502  0.01324 -1.51262
   0.00360  0.01113 -1.51868
   0.00242  0.00906 -1.49408
   0.00148  0.00703 -1.42971
   0.00077  0.00504 -1.31639
   0.00029  0.00309 -1.14948
   0.00004  0.00120 -0.93200
   0.00001 -0.00064 -0.67998
   0.00020 -0.00249 -0.38881
   0.00065 -0.00436 -0.07013
   0.00137 -0.00623  0.24452
   0.00239 -0.00805  0.51574
   0.00369 -0.00980  0.72557
   0.00527 -0.01148  0.86713
   0.00712 -0.01307  0.95164
   0.00925 -0.01459  0.99116
   0.01167 -0.01603  0.99966
   0.01438 -0.01741  0.98644
   0.01744 -0.01873  0.95982
   0.02087 -0.02000  0.92398
   0.02476 -0.02123  0.88316
   0.02916 -0.02242  0.83890
   0.03419 -0.02357  0.79296
   0.03998 -0.02467  0.74643
   0.04667 -0.02572  0.69976
   0.05445 -0.02670  0.65408
   0.06345 -0.02758  0.61030
   0.07377 -0.02833  0.56867
   0.08543 -0.02891  0.53016
   0.09832 -0.02929  0.49561
   0.11223 -0.02947  0.46503
   0.12696 -0.02945  0.43824
   0.14228 -0.02924  0.41527
   0.15806 -0.02887  0.39513
   0.17418 -0.02837  0.37766
   0.19056 -0.02776  0.36227
   0.20714 -0.02707  0.34850
   0.22389 -0.02630  0.33608
   0.24078 -0.02549  0.32471
   0.25777 -0.02465  0.31414
   0.27484 -0.02379  0.30421
   0.29194 -0.02292  0.29456
   0.30901 -0.02207  0.28525
   0.32603 -0.02124  0.27603
   0.34301 -0.02043  0.26666
   0.35994 -0.01967  0.25706
   0.37686 -0.01894  0.24691
   0.39378 -0.01827  0.23589
   0.41076 -0.01762  0.22367
   0.42781 -0.01697  0.21185
   0.44491 -0.01629  0.20052
   0.46204 -0.01560  0.18967
   0.47921 -0.01490  0.17926
   0.49639 -0.01420  0.16912
   0.51357 -0.01350  0.15938
   0.53074 -0.01280  0.14978
   0.54790 -0.01211  0.14028
   0.56503 -0.01143  0.13080
   0.58215 -0.01076  0.12134
   0.59926 -0.01011  0.11173
   0.61635 -0.00947  0.10202
   0.63342 -0.00885  0.09201
   0.65049 -0.00825  0.08176
   0.66755 -0.00768  0.07119
   0.68459 -0.00712  0.06017
   0.70164 -0.00659  0.04879
   0.71867 -0.00608  0.03676
   0.73570 -0.00560  0.02425
   0.75273 -0.00514  0.01097
   0.76976 -0.00471 -0.00293
   0.78678 -0.00431 -0.01782
   0.80381 -0.00393 -0.03358
   0.82084 -0.00357 -0.05056
   0.83786 -0.00324 -0.06879
   0.85489 -0.00294 -0.08863
   0.87190 -0.00266 -0.11021
   0.88889 -0.00241 -0.13389
   0.90581 -0.00218 -0.16033
   0.92258 -0.00197 -0.18987
   0.93902 -0.00179 -0.22323
   0.95483 -0.00163 -0.26112
   0.96953 -0.00150 -0.30362
   0.98258 -0.00139 -0.35188
   0.99368 -0.00131 -0.40503
   1.00000 -0.00126 -0.46435
