NACA 4412                                       
 Alfa =  35.40000 Re =    20000.000 Xflap,Yflap =     0.000000    0.000000
#    x        y        Cp  
   1.00000  0.00126 -1.18833
   0.99392  0.00292 -1.18949
   0.98333  0.00577 -1.19152
   0.97098  0.00904 -1.19389
   0.95718  0.01262 -1.19656
   0.94237  0.01638 -1.19945
   0.92696  0.02021 -1.20249
   0.91123  0.02403 -1.20563
   0.89533  0.02780 -1.20884
   0.87933  0.03149 -1.21212
   0.86327  0.03511 -1.21545
   0.84718  0.03864 -1.21884
   0.83106  0.04208 -1.22229
   0.81492  0.04544 -1.22580
   0.79875  0.04870 -1.22938
   0.78258  0.05188 -1.23302
   0.76638  0.05496 -1.23673
   0.75017  0.05796 -1.24051
   0.73395  0.06086 -1.24438
   0.71772  0.06368 -1.24832
   0.70148  0.06640 -1.25234
   0.68523  0.06902 -1.25646
   0.66898  0.07155 -1.26067
   0.65272  0.07398 -1.26498
   0.63645  0.07632 -1.26940
   0.62019  0.07855 -1.27392
   0.60392  0.08069 -1.27857
   0.58766  0.08272 -1.28334
   0.57140  0.08465 -1.28824
   0.55514  0.08647 -1.29329
   0.53889  0.08818 -1.29848
   0.52265  0.08978 -1.30384
   0.50642  0.09127 -1.30937
   0.49021  0.09264 -1.31509
   0.47402  0.09390 -1.32100
   0.45785  0.09503 -1.32713
   0.44172  0.09603 -1.33350
   0.42564  0.09690 -1.34010
   0.40965  0.09765 -1.34696
   0.39382  0.09824 -1.35405
   0.37817  0.09865 -1.36141
   0.36263  0.09885 -1.36916
   0.34716  0.09884 -1.37740
   0.33174  0.09863 -1.38609
   0.31639  0.09821 -1.39530
   0.30109  0.09757 -1.40509
   0.28586  0.09672 -1.41555
   0.27069  0.09564 -1.42677
   0.25561  0.09433 -1.43887
   0.24061  0.09280 -1.45201
   0.22571  0.09103 -1.46638
   0.21092  0.08902 -1.48223
   0.19626  0.08678 -1.49992
   0.18175  0.08429 -1.51976
   0.16741  0.08155 -1.54270
   0.15327  0.07856 -1.57005
   0.13937  0.07533 -1.60460
   0.12576  0.07185 -1.65590
   0.11254  0.06815 -1.70110
   0.09978  0.06426 -1.70377
   0.08762  0.06020 -1.70664
   0.07622  0.05606 -1.70968
   0.06572  0.05190 -1.71285
   0.05625  0.04782 -1.71603
   0.04786  0.04389 -1.71912
   0.04055  0.04017 -1.72201
   0.03423  0.03668 -1.72465
   0.02879  0.03343 -1.72698
   0.02411  0.03040 -1.72902
   0.02008  0.02756 -1.73077
   0.01660  0.02489 -1.73229
   0.01357  0.02236 -1.73369
   0.01095  0.01995 -1.73502
   0.00867  0.01764 -1.73650
   0.00671  0.01541 -1.73841
   0.00502  0.01324 -1.74123
   0.00360  0.01113 -1.74579
   0.00242  0.00906 -1.75353
   0.00148  0.00703 -1.76703
   0.00077  0.00504 -1.79060
   0.00029  0.00309 -1.83166
   0.00004  0.00120 -1.89978
   0.00001 -0.00064 -1.99989
   0.00020 -0.00249 -2.13453
   0.00065 -0.00436 -2.23534
   0.00137 -0.00623 -2.20306
   0.00239 -0.00805 -1.98232
   0.00369 -0.00980 -1.63211
   0.00527 -0.01148 -1.22652
   0.00712 -0.01307 -0.82724
   0.00925 -0.01459 -0.45672
   0.01167 -0.01603 -0.13648
   0.01438 -0.01741  0.12249
   0.01744 -0.01873  0.33730
   0.02087 -0.02000  0.51159
   0.02476 -0.02123  0.64942
   0.02916 -0.02242  0.75968
   0.03419 -0.02357  0.84300
   0.03998 -0.02467  0.90722
   0.04667 -0.02572  0.95194
   0.05445 -0.02670  0.98128
   0.06345 -0.02758  0.99638
   0.07377 -0.02833  0.99986
   0.08543 -0.02891  0.99351
   0.09832 -0.02929  0.98006
   0.11223 -0.02947  0.96135
   0.12696 -0.02945  0.94003
   0.14228 -0.02924  0.91676
   0.15806 -0.02887  0.89285
   0.17418 -0.02837  0.86925
   0.19056 -0.02776  0.84598
   0.20714 -0.02707  0.82287
   0.22389 -0.02630  0.80065
   0.24078 -0.02549  0.77900
   0.25777 -0.02465  0.75777
   0.27484 -0.02379  0.73707
   0.29194 -0.02292  0.71678
   0.30901 -0.02207  0.69698
   0.32603 -0.02124  0.67748
   0.34301 -0.02043  0.65809
   0.35994 -0.01967  0.63849
   0.37686 -0.01894  0.61871
   0.39378 -0.01827  0.59827
   0.41076 -0.01762  0.57656
   0.42781 -0.01697  0.55515
   0.44491 -0.01629  0.53396
   0.46204 -0.01560  0.51300
   0.47921 -0.01490  0.49231
   0.49639 -0.01420  0.47180
   0.51357 -0.01350  0.45104
   0.53074 -0.01280  0.43027
   0.54790 -0.01211  0.40947
   0.56503 -0.01143  0.38813
   0.58215 -0.01076  0.36670
   0.59926 -0.01011  0.34462
   0.61635 -0.00947  0.32214
   0.63342 -0.00885  0.29909
   0.65049 -0.00825  0.27539
   0.66755 -0.00768  0.25065
   0.68459 -0.00712  0.22532
   0.70164 -0.00659  0.19867
   0.71867 -0.00608  0.17098
   0.73570 -0.00560  0.14188
   0.75273 -0.00514  0.11116
   0.76976 -0.00471  0.07865
   0.78678 -0.00431  0.04436
   0.80381 -0.00393  0.00749
   0.82084 -0.00357 -0.03216
   0.83786 -0.00324 -0.07474
   0.85489 -0.00294 -0.12146
   0.87190 -0.00266 -0.17270
   0.88889 -0.00241 -0.22949
   0.90581 -0.00218 -0.29365
   0.92258 -0.00197 -0.36621
   0.93902 -0.00179 -0.45009
   0.95483 -0.00163 -0.54745
   0.96953 -0.00150 -0.66146
   0.98258 -0.00139 -0.79821
   0.99368 -0.00131 -0.96369
   1.00000 -0.00126 -1.18833
