#    s        x        y     Ue/Vinf    Dstar     Theta      Cf       H
   0.00000  1.00000  0.00126  1.19664  0.221209  0.002864 -0.000315    77.247
   0.00630  0.99392  0.00292  1.19668  0.219633  0.002858 -0.001160    76.835
   0.01727  0.98333  0.00577  1.19675  0.216829  0.002850 -0.001163    76.073
   0.03004  0.97098  0.00904  1.19682  0.213447  0.002842 -0.001167    75.102
   0.04430  0.95718  0.01262  1.19689  0.209588  0.002834 -0.001170    73.953
   0.05958  0.94237  0.01638  1.19697  0.205379  0.002827 -0.001174    72.660
   0.07546  0.92696  0.02021  1.19705  0.200943  0.002820 -0.001177    71.262
   0.09164  0.91123  0.02403  1.19712  0.196368  0.002814 -0.001180    69.788
   0.10799  0.89533  0.02780  1.19719  0.191705  0.002809 -0.001182    68.256
   0.12441  0.87933  0.03149  1.19726  0.186983  0.002804 -0.001184    66.678
   0.14087  0.86327  0.03511  1.19733  0.182224  0.002801 -0.001186    65.065
   0.15734  0.84718  0.03864  1.19739  0.177435  0.002798 -0.001188    63.419
   0.17383  0.83106  0.04208  1.19745  0.172627  0.002796 -0.001189    61.748
   0.19032  0.81492  0.04544  1.19751  0.167802  0.002794 -0.001190    60.054
   0.20680  0.79875  0.04870  1.19756  0.162968  0.002793 -0.001191    58.341
   0.22329  0.78258  0.05188  1.19761  0.158125  0.002793 -0.001191    56.610
   0.23978  0.76638  0.05496  1.19766  0.153278  0.002794 -0.001192    54.865
   0.25626  0.75017  0.05796  1.19770  0.148431  0.002795 -0.001192    53.110
   0.27274  0.73395  0.06086  1.19774  0.143587  0.002796 -0.001191    51.347
   0.28921  0.71772  0.06368  1.19778  0.138748  0.002799 -0.001191    49.578
   0.30568  0.70148  0.06640  1.19782  0.133916  0.002801 -0.001191    47.805
   0.32214  0.68523  0.06902  1.19785  0.129094  0.002805 -0.001190    46.031
   0.33859  0.66898  0.07155  1.19788  0.124287  0.002808 -0.001189    44.259
   0.35503  0.65272  0.07398  1.19790  0.119495  0.002812 -0.001188    42.490
   0.37146  0.63645  0.07632  1.19792  0.114721  0.002817 -0.001187    40.727
   0.38788  0.62019  0.07855  1.19794  0.109968  0.002822 -0.001186    38.972
   0.40429  0.60392  0.08069  1.19796  0.105240  0.002827 -0.001184    37.228
   0.42068  0.58766  0.08272  1.19797  0.100536  0.002832 -0.001183    35.496
   0.43705  0.57140  0.08465  1.19799  0.095865  0.002838 -0.001182    33.779
   0.45341  0.55514  0.08647  1.19800  0.091223  0.002844 -0.001181    32.078
   0.46975  0.53889  0.08818  1.19801  0.086618  0.002850 -0.001180    30.396
   0.48606  0.52265  0.08978  1.19802  0.082052  0.002855 -0.001179    28.735
   0.50236  0.50642  0.09127  1.19803  0.077527  0.002861 -0.001179    27.097
   0.51863  0.49021  0.09264  1.19805  0.073047  0.002867 -0.001179    25.483
   0.53487  0.47402  0.09390  1.19808  0.068617  0.002872 -0.001179    23.896
   0.55108  0.45785  0.09503  1.19812  0.064240  0.002876 -0.001180    22.337
   0.56725  0.44172  0.09603  1.19817  0.059922  0.002880 -0.001181    20.808
   0.58335  0.42564  0.09690  1.19824  0.055671  0.002883 -0.001184    19.313
   0.59935  0.40965  0.09765  1.19834  0.051500  0.002884 -0.001188    17.857
   0.61519  0.39382  0.09824  1.19849  0.047417  0.002884 -0.001193    16.441
   0.63085  0.37817  0.09865  1.19870  0.043497  0.002881 -0.001200    15.096
   0.64639  0.36263  0.09885  1.19901  0.039739  0.002876 -0.001210    13.820
   0.66187  0.34716  0.09884  1.19946  0.036140  0.002866 -0.001224    12.611
   0.67728  0.33174  0.09863  1.20009  0.032706  0.002851 -0.001241    11.470
   0.69264  0.31639  0.09821  1.20095  0.029441  0.002832 -0.001265    10.397
   0.70795  0.30109  0.09757  1.20212  0.026353  0.002806 -0.001296     9.392
   0.72321  0.28586  0.09672  1.20369  0.023451  0.002773 -0.001338     8.457
   0.73841  0.27069  0.09564  1.20581  0.020743  0.002732 -0.001393     7.594
   0.75355  0.25561  0.09433  1.20862  0.018238  0.002681 -0.001470     6.802
   0.76863  0.24061  0.09280  1.21234  0.015942  0.002620 -0.001572     6.084
   0.78363  0.22571  0.09103  1.21724  0.013867  0.002548 -0.001672     5.443
   0.79855  0.21092  0.08902  1.22360  0.012013  0.002462 -0.001666     4.879
   0.81339  0.19626  0.08678  1.23168  0.010385  0.002365 -0.001345     4.392
   0.82811  0.18175  0.08429  1.24143  0.008981  0.002257 -0.000515     3.980
   0.84271  0.16741  0.08155  1.25295  0.007785  0.002138  0.000897     3.641
   0.85717  0.15327  0.07856  1.26614  0.006791  0.002010  0.002792     3.378
   0.87144  0.13937  0.07533  1.28043  0.005966  0.001878  0.005057     3.176
   0.88548  0.12576  0.07185  1.29504  0.005286  0.001747  0.007546     3.026
   0.89921  0.11254  0.06815  1.30926  0.004720  0.001620  0.010160     2.914
   0.91255  0.09978  0.06426  1.32258  0.004242  0.001499  0.012852     2.830
   0.92536  0.08762  0.06020  1.33469  0.003833  0.001385  0.015584     2.768
   0.93750  0.07622  0.05606  1.34547  0.003472  0.001276  0.018429     2.720
   0.94879  0.06572  0.05190  1.35479  0.003154  0.001175  0.021374     2.684
   0.95911  0.05625  0.04782  1.36265  0.002869  0.001081  0.024482     2.654
   0.96837  0.04786  0.04389  1.36905  0.002612  0.000993  0.027824     2.629
   0.97657  0.04055  0.04017  1.37395  0.002381  0.000913  0.031413     2.608
   0.98379  0.03423  0.03668  1.37736  0.002173  0.000840  0.035327     2.587
   0.99012  0.02879  0.03343  1.37921  0.001983  0.000772  0.039622     2.568
   0.99570  0.02411  0.03040  1.37935  0.001811  0.000711  0.044311     2.549
   1.00063  0.02008  0.02756  1.37765  0.001652  0.000654  0.049615     2.528
   1.00502  0.01660  0.02489  1.37365  0.001507  0.000601  0.055476     2.508
   1.00896  0.01357  0.02236  1.36692  0.001373  0.000552  0.061950     2.487
   1.01253  0.01095  0.01995  1.35689  0.001248  0.000507  0.069315     2.464
   1.01577  0.00867  0.01764  1.34252  0.001134  0.000465  0.077139     2.442
   1.01874  0.00671  0.01541  1.32300  0.001028  0.000425  0.086082     2.417
   1.02149  0.00502  0.01324  1.29649  0.000931  0.000389  0.095334     2.394
   1.02404  0.00360  0.01113  1.26146  0.000842  0.000355  0.105089     2.369
   1.02642  0.00242  0.00906  1.21537  0.000762  0.000325  0.114806     2.343
   1.02866  0.00148  0.00703  1.15538  0.000693  0.000299  0.123083     2.317
   1.03077  0.00077  0.00504  1.07985  0.000636  0.000277  0.127601     2.298
   1.03277  0.00029  0.00309  0.98780  0.000586  0.000258  0.129486     2.273
   1.03468  0.00004  0.00120  0.87825  0.000552  0.000244  0.124008     2.258
   1.03651  0.00001 -0.00064  0.75613  0.000527  0.000234  0.112684     2.250
   1.03838  0.00020 -0.00249  0.61511  0.000507  0.000227  0.096915     2.232
   1.04030  0.00065 -0.00436  0.45724  0.000502  0.000225  0.072442     2.235
   1.04230  0.00137 -0.00623  0.28967  0.000507  0.000229  0.046317     2.215
   1.04439  0.00239 -0.00805  0.12601  0.000545  0.000245  0.018477     2.230
   1.04657  0.00369 -0.00980 -0.02876  0.000545  0.000245  0.004216     2.230
   1.04888  0.00527 -0.01148 -0.16630  0.000623  0.000278  0.021117     2.242
   1.05132  0.00712 -0.01307 -0.28290  0.000676  0.000301  0.033021     2.244
   1.05393  0.00925 -0.01459 -0.38203  0.000750  0.000331  0.039369     2.267
   1.05675  0.01167 -0.01603 -0.46586  0.000825  0.000363  0.043514     2.271
   1.05979  0.01438 -0.01741 -0.53634  0.000917  0.000400  0.044166     2.292
   1.06312  0.01744 -0.01873 -0.59584  0.001012  0.000440  0.044083     2.301
   1.06679  0.02087 -0.02000 -0.64651  0.001120  0.000483  0.042556     2.317
   1.07086  0.02476 -0.02123 -0.69048  0.001233  0.000530  0.040937     2.327
   1.07542  0.02916 -0.02242 -0.72825  0.001363  0.000581  0.038391     2.345
   1.08058  0.03419 -0.02357 -0.76111  0.001502  0.000637  0.035984     2.357
   1.08647  0.03998 -0.02467 -0.78979  0.001658  0.000699  0.033351     2.371
   1.09325  0.04667 -0.02572 -0.81506  0.001828  0.000767  0.030833     2.384
   1.10108  0.05445 -0.02670 -0.83699  0.002021  0.000843  0.028198     2.399
   1.11013  0.06345 -0.02758 -0.85581  0.002235  0.000926  0.025695     2.414
   1.12048  0.07377 -0.02833 -0.87174  0.002469  0.001017  0.023352     2.428
   1.13215  0.08543 -0.02891 -0.88504  0.002719  0.001114  0.021238     2.441
   1.14504  0.09832 -0.02929 -0.89571  0.002987  0.001216  0.019268     2.456
   1.15896  0.11223 -0.02947 -0.90422  0.003260  0.001321  0.017604     2.468
   1.17368  0.12696 -0.02945 -0.91077  0.003540  0.001427  0.016108     2.481
   1.18901  0.14228 -0.02924 -0.91585  0.003817  0.001532  0.014859     2.491
   1.20480  0.15806 -0.02887 -0.91981  0.004089  0.001636  0.013798     2.500
   1.22092  0.17418 -0.02837 -0.92283  0.004359  0.001737  0.012864     2.509
   1.23731  0.19056 -0.02776 -0.92526  0.004617  0.001836  0.012095     2.515
   1.25391  0.20714 -0.02707 -0.92722  0.004869  0.001931  0.011428     2.521
   1.27067  0.22389 -0.02630 -0.92885  0.005111  0.002024  0.010856     2.525
   1.28758  0.24078 -0.02549 -0.93031  0.005340  0.002113  0.010381     2.527
   1.30460  0.25777 -0.02465 -0.93165  0.005559  0.002199  0.009979     2.528
   1.32169  0.27484 -0.02379 -0.93297  0.005765  0.002281  0.009646     2.527
   1.33881  0.29194 -0.02292 -0.93439  0.005952  0.002359  0.009396     2.523
   1.35590  0.30901 -0.02207 -0.93588  0.006126  0.002432  0.009187     2.519
   1.37294  0.32603 -0.02124 -0.93754  0.006282  0.002501  0.009041     2.512
   1.38994  0.34301 -0.02043 -0.93948  0.006417  0.002564  0.008962     2.502
   1.40689  0.35994 -0.01967 -0.94173  0.006530  0.002622  0.008943     2.490
   1.42382  0.37686 -0.01894 -0.94436  0.006621  0.002674  0.008980     2.476
   1.44075  0.39378 -0.01827 -0.94758  0.006679  0.002719  0.009111     2.457
   1.45775  0.41076 -0.01762 -0.95146  0.006709  0.002756  0.009320     2.434
   1.47481  0.42781 -0.01697 -0.95520  0.006773  0.002796  0.009377     2.423
   1.49192  0.44491 -0.01629 -0.95876  0.006857  0.002837  0.009349     2.417
   1.50907  0.46204 -0.01560 -0.96215  0.006953  0.002879  0.009272     2.415
   1.52625  0.47921 -0.01490 -0.96540  0.007054  0.002921  0.009174     2.415
   1.54344  0.49639 -0.01420 -0.96852  0.007156  0.002963  0.009069     2.415
   1.56064  0.51357 -0.01350 -0.97151  0.007260  0.003005  0.008959     2.416
   1.57783  0.53074 -0.01280 -0.97444  0.007358  0.003045  0.008866     2.416
   1.59499  0.54790 -0.01211 -0.97736  0.007450  0.003084  0.008791     2.415
   1.61214  0.56503 -0.01143 -0.98027  0.007536  0.003122  0.008730     2.414
   1.62928  0.58215 -0.01076 -0.98320  0.007616  0.003158  0.008685     2.411
   1.64639  0.59926 -0.01011 -0.98619  0.007685  0.003192  0.008664     2.408
   1.66350  0.61635 -0.00947 -0.98925  0.007749  0.003224  0.008658     2.403
   1.68058  0.63342 -0.00885 -0.99245  0.007800  0.003254  0.008680     2.397
   1.69766  0.65049 -0.00825 -0.99576  0.007845  0.003281  0.008717     2.391
   1.71473  0.66755 -0.00768 -0.99923  0.007878  0.003306  0.008776     2.383
   1.73178  0.68459 -0.00712 -1.00288  0.007902  0.003328  0.008857     2.374
   1.74883  0.70164 -0.00659 -1.00672  0.007917  0.003347  0.008955     2.365
   1.76588  0.71867 -0.00608 -1.01082  0.007919  0.003363  0.009082     2.355
   1.78292  0.73570 -0.00560 -1.01516  0.007913  0.003377  0.009226     2.344
   1.79995  0.75273 -0.00514 -1.01980  0.007895  0.003386  0.009400     2.331
   1.81698  0.76976 -0.00471 -1.02473  0.007867  0.003393  0.009594     2.319
   1.83401  0.78678 -0.00431 -1.03006  0.007826  0.003396  0.009823     2.305
   1.85104  0.80381 -0.00393 -1.03577  0.007774  0.003394  0.010080     2.290
   1.86807  0.82084 -0.00357 -1.04197  0.007707  0.003388  0.010380     2.274
   1.88510  0.83786 -0.00324 -1.04867  0.007627  0.003378  0.010718     2.258
   1.90213  0.85489 -0.00294 -1.05604  0.007529  0.003362  0.011118     2.240
   1.91914  0.87190 -0.00266 -1.06409  0.007416  0.003340  0.011570     2.220
   1.93613  0.88889 -0.00241 -1.07300  0.007284  0.003311  0.012099     2.200
   1.95305  0.90581 -0.00218 -1.08297  0.007126  0.003274  0.012738     2.176
   1.96983  0.92258 -0.00197 -1.09416  0.006943  0.003228  0.013499     2.151
   1.98627  0.93902 -0.00179 -1.10683  0.006730  0.003170  0.014431     2.123
   2.00209  0.95483 -0.00163 -1.12122  0.006481  0.003100  0.015591     2.091
   2.01678  0.96953 -0.00150 -1.13736  0.006198  0.003016  0.017024     2.055
   2.02984  0.98258 -0.00139 -1.15553  0.005870  0.002915  0.018871     2.014
   2.04093  0.99368 -0.00131 -1.17535  0.005519  0.002803  0.021126     1.969
   2.04725  1.00000 -0.00126 -1.19664  0.005065  0.002661  0.024621     1.903
   2.04725  1.00010 -0.00001  1.19664  0.228749  0.005525  0.000000    41.405
   2.05356  1.00636 -0.00080  1.19394  0.228937  0.006068  0.000000    37.730
   2.06096  1.01372 -0.00155  1.19060  0.228905  0.006746  0.000000    33.930
   2.06964  1.02236 -0.00233  1.18668  0.228743  0.007549  0.000000    30.300
   2.07981  1.03250 -0.00315  1.18209  0.228404  0.008499  0.000000    26.873
   2.09174  1.04441 -0.00398  1.17667  0.227841  0.009634  0.000000    23.650
   2.10574  1.05837 -0.00484  1.17034  0.226968  0.010976  0.000000    20.678
   2.12215  1.07476 -0.00569  1.16293  0.225688  0.012566  0.000000    17.960
   2.14139  1.09399 -0.00651  1.15428  0.223869  0.014452  0.000000    15.490
   2.16396  1.11654 -0.00727  1.14415  0.221351  0.016696  0.000000    13.258
   2.19042  1.14299 -0.00791  1.13239  0.217903  0.019346  0.000000    11.264
   2.22145  1.17402 -0.00837  1.11859  0.213282  0.022515  0.000000     9.473
   2.25784  1.21042 -0.00857  1.10218  0.207182  0.026358  0.000000     7.860
   2.30052  1.25309 -0.00839  1.08250  0.199236  0.031075  0.000000     6.412
   2.35057  1.30314 -0.00771  1.05847  0.189057  0.036990  0.000000     5.111
   2.40926  1.36181 -0.00634  1.02776  0.176413  0.044821  0.000000     3.936
   2.47809  1.43060 -0.00407  0.99294  0.160904  0.054095  0.000000     2.974
   2.55880  1.51124 -0.00065  0.96734  0.142478  0.061086  0.000000     2.332
   2.65345  1.60576  0.00426  0.95275  0.123099  0.065026  0.000000     1.893
   2.76445  1.71655  0.01103  0.94954  0.104942  0.065854  0.000000     1.594
   2.89461  1.84640  0.02014  0.95594  0.089460  0.064326  0.000000     1.391
   3.04725  1.99857  0.03213  0.99395  0.069642  0.056534  0.000000     1.232
