#    s        x        y     Ue/Vinf    Dstar     Theta      Cf       H
   0.00000  1.00000  0.00126  1.41780  0.628560  0.034097 -0.000119    18.434
   0.00630  0.99392  0.00292  1.41822  0.625615  0.033893 -0.000119    18.458
   0.01727  0.98333  0.00577  1.41895  0.620473  0.033538 -0.000121    18.501
   0.03004  0.97098  0.00904  1.41980  0.614271  0.033126 -0.000122    18.543
   0.04430  0.95718  0.01262  1.42076  0.607184  0.032668 -0.000124    18.586
   0.05958  0.94237  0.01638  1.42181  0.599442  0.032178 -0.000126    18.629
   0.07546  0.92696  0.02021  1.42291  0.591263  0.031670 -0.000128    18.669
   0.09164  0.91123  0.02403  1.42404  0.582801  0.031152 -0.000130    18.708
   0.10799  0.89533  0.02780  1.42521  0.574149  0.030630 -0.000133    18.745
   0.12441  0.87933  0.03149  1.42639  0.565355  0.030105 -0.000135    18.780
   0.14087  0.86327  0.03511  1.42761  0.556451  0.029578 -0.000138    18.813
   0.15734  0.84718  0.03864  1.42884  0.547450  0.029051 -0.000140    18.844
   0.17383  0.83106  0.04208  1.43010  0.538364  0.028523 -0.000143    18.875
   0.19032  0.81492  0.04544  1.43138  0.529201  0.027995 -0.000146    18.904
   0.20680  0.79875  0.04870  1.43269  0.519964  0.027466 -0.000149    18.931
   0.22329  0.78258  0.05188  1.43402  0.510654  0.026936 -0.000152    18.958
   0.23978  0.76638  0.05496  1.43539  0.501278  0.026405 -0.000155    18.984
   0.25626  0.75017  0.05796  1.43678  0.491839  0.025874 -0.000158    19.009
   0.27274  0.73395  0.06086  1.43820  0.482333  0.025341 -0.000162    19.033
   0.28921  0.71772  0.06368  1.43966  0.472769  0.024808 -0.000165    19.057
   0.30568  0.70148  0.06640  1.44115  0.463148  0.024274 -0.000169    19.080
   0.32214  0.68523  0.06902  1.44268  0.453466  0.023738 -0.000173    19.103
   0.33859  0.66898  0.07155  1.44424  0.443729  0.023201 -0.000177    19.126
   0.35503  0.65272  0.07398  1.44585  0.433936  0.022662 -0.000182    19.148
   0.37146  0.63645  0.07632  1.44750  0.424093  0.022122 -0.000186    19.171
   0.38788  0.62019  0.07855  1.44920  0.414192  0.021580 -0.000191    19.193
   0.40429  0.60392  0.08069  1.45095  0.404249  0.021036 -0.000196    19.217
   0.42068  0.58766  0.08272  1.45275  0.394249  0.020491 -0.000202    19.240
   0.43705  0.57140  0.08465  1.45460  0.384203  0.019943 -0.000208    19.265
   0.45341  0.55514  0.08647  1.45652  0.374110  0.019392 -0.000214    19.292
   0.46975  0.53889  0.08818  1.45850  0.363967  0.018839 -0.000220    19.320
   0.48606  0.52265  0.08978  1.46056  0.353786  0.018283 -0.000227    19.351
   0.50236  0.50642  0.09127  1.46269  0.343548  0.017724 -0.000235    19.384
   0.51863  0.49021  0.09264  1.46490  0.333279  0.017161 -0.000243    19.421
   0.53487  0.47402  0.09390  1.46720  0.322957  0.016594 -0.000252    19.462
   0.55108  0.45785  0.09503  1.46959  0.312600  0.016023 -0.000261    19.509
   0.56725  0.44172  0.09603  1.47209  0.302205  0.015448 -0.000271    19.562
   0.58335  0.42564  0.09690  1.47471  0.291783  0.014869 -0.000282    19.624
   0.59935  0.40965  0.09765  1.47744  0.281354  0.014286 -0.000294    19.695
   0.61519  0.39382  0.09824  1.48029  0.270940  0.013701 -0.000307    19.775
   0.63085  0.37817  0.09865  1.48330  0.260613  0.013107 -0.000322    19.884
   0.64639  0.36263  0.09885  1.48650  0.250353  0.012502 -0.000338    20.025
   0.66187  0.34716  0.09884  1.48990  0.240140  0.011888 -0.000356    20.201
   0.67728  0.33174  0.09863  1.49352  0.229988  0.011262 -0.000377    20.422
   0.69264  0.31639  0.09821  1.49741  0.219868  0.010623 -0.000400    20.698
   0.70795  0.30109  0.09757  1.50159  0.209800  0.009967 -0.000428    21.049
   0.72321  0.28586  0.09672  1.50613  0.199788  0.009292 -0.000460    21.501
   0.73841  0.27069  0.09564  1.51109  0.189816  0.008594 -0.000498    22.086
   0.75355  0.25561  0.09433  1.51656  0.179906  0.007868 -0.000506    22.865
   0.76863  0.24061  0.09280  1.52267  0.170042  0.007107 -0.000510    23.927
   0.78363  0.22571  0.09103  1.52957  0.160222  0.006301 -0.000515    25.429
   0.79855  0.21092  0.08902  1.53751  0.150453  0.005436 -0.000520    27.676
   0.81339  0.19626  0.08678  1.54704  0.140694  0.004474 -0.000527    31.445
   0.82811  0.18175  0.08429  1.55932  0.130884  0.003331 -0.000535    39.288
   0.84271  0.16741  0.08155  1.58132  0.120546  0.001258 -0.000550    95.830
   0.85717  0.15327  0.07856  1.58478  0.111680  0.001010 -0.004338   110.607
   0.87144  0.13937  0.07533  1.58546  0.103010  0.000975 -0.004496   105.650
   0.88548  0.12576  0.07185  1.58621  0.094388  0.000941 -0.004664   100.348
   0.89921  0.11254  0.06815  1.58701  0.085868  0.000907 -0.004842    94.701
   0.91255  0.09978  0.06426  1.58789  0.077515  0.000874 -0.005029    88.705
   0.92536  0.08762  0.06020  1.58882  0.069420  0.000843 -0.005222    82.391
   0.93750  0.07622  0.05606  1.58981  0.061675  0.000814 -0.005413    75.790
   0.94879  0.06572  0.05190  1.59082  0.054408  0.000788 -0.005598    69.044
   0.95911  0.05625  0.04782  1.59184  0.047701  0.000766 -0.005768    62.265
   0.96837  0.04786  0.04389  1.59283  0.041635  0.000748 -0.005918    55.660
   0.97657  0.04055  0.04017  1.59378  0.036221  0.000734 -0.006046    49.369
   0.98379  0.03423  0.03668  1.59467  0.031428  0.000723 -0.006153    43.492
   0.99012  0.02879  0.03343  1.59552  0.027208  0.000714 -0.006244    38.107
   0.99570  0.02411  0.03040  1.59633  0.023487  0.000707 -0.006323    33.209
   1.00063  0.02008  0.02756  1.59713  0.020200  0.000702 -0.006397    28.788
   1.00502  0.01660  0.02489  1.59798  0.017290  0.000697 -0.006474    24.822
   1.00896  0.01357  0.02236  1.59892  0.014701  0.000691 -0.006561    21.264
   1.01253  0.01095  0.01995  1.60005  0.012398  0.000685 -0.006668    18.089
   1.01577  0.00867  0.01764  1.60153  0.010348  0.000678 -0.006811    15.265
   1.01874  0.00671  0.01541  1.60357  0.008517  0.000668 -0.007010    12.747
   1.02149  0.00502  0.01324  1.60661  0.006912  0.000655 -0.007304    10.555
   1.02404  0.00360  0.01113  1.61124  0.005499  0.000637 -0.007762     8.632
   1.02642  0.00242  0.00906  1.61852  0.004280  0.000613 -0.008534     6.981
   1.02866  0.00148  0.00703  1.63020  0.003256  0.000581 -0.009796     5.599
   1.03077  0.00077  0.00504  1.64874  0.002436  0.000540 -0.008706     4.507
   1.03277  0.00029  0.00309  1.67548  0.001796  0.000491  0.004740     3.657
   1.03468  0.00004  0.00120  1.71062  0.001336  0.000434  0.035926     3.081
   1.03651  0.00001 -0.00064  1.74506  0.001027  0.000377  0.080034     2.728
   1.03838  0.00020 -0.00249  1.76350  0.000816  0.000328  0.133664     2.492
   1.04030  0.00065 -0.00436  1.74500  0.000690  0.000293  0.180112     2.354
   1.04230  0.00137 -0.00623  1.68011  0.000619  0.000273  0.209217     2.270
   1.04439  0.00239 -0.00805  1.57162  0.000590  0.000265  0.214308     2.223
   1.04657  0.00369 -0.00980  1.43434  0.000589  0.000268  0.199960     2.200
   1.04888  0.00527 -0.01148  1.28279  0.000604  0.000277  0.177882     2.178
   1.05132  0.00712 -0.01307  1.12806  0.000641  0.000294  0.146896     2.181
   1.05393  0.00925 -0.01459  0.98171  0.000680  0.000313  0.121080     2.176
   1.05675  0.01167 -0.01603  0.84165  0.000732  0.000337  0.096858     2.171
   1.05979  0.01438 -0.01741  0.71260  0.000799  0.000366  0.074238     2.185
   1.06312  0.01744 -0.01873  0.59588  0.000860  0.000393  0.057642     2.186
   1.06679  0.02087 -0.02000  0.48614  0.000933  0.000427  0.043261     2.187
   1.07086  0.02476 -0.02123  0.38571  0.001019  0.000462  0.030858     2.208
   1.07542  0.02916 -0.02242  0.29101  0.001091  0.000499  0.022138     2.187
   1.08058  0.03419 -0.02357  0.20249  0.001223  0.000549  0.013259     2.228
   1.08647  0.03998 -0.02467  0.12045  0.001285  0.000582  0.007652     2.207
   1.09325  0.04667 -0.02572  0.04221  0.001499  0.000672  0.002251     2.230
   1.10108  0.05445 -0.02670 -0.03126  0.001499  0.000672  0.001667     2.230
   1.11013  0.06345 -0.02758 -0.10071  0.001742  0.000773  0.004523     2.254
   1.12048  0.07377 -0.02833 -0.16450  0.001868  0.000836  0.007009     2.235
   1.13215  0.08543 -0.02891 -0.22439  0.002045  0.000903  0.008505     2.264
   1.14504  0.09832 -0.02929 -0.27794  0.002219  0.000981  0.009723     2.262
   1.15896  0.11223 -0.02947 -0.32577  0.002411  0.001060  0.010367     2.275
   1.17368  0.12696 -0.02945 -0.36795  0.002594  0.001138  0.010848     2.279
   1.18901  0.14228 -0.02924 -0.40514  0.002780  0.001216  0.011063     2.287
   1.20480  0.15806 -0.02887 -0.43847  0.002946  0.001288  0.011291     2.287
   1.22092  0.17418 -0.02837 -0.46781  0.003129  0.001362  0.011232     2.298
   1.23731  0.19056 -0.02776 -0.49397  0.003297  0.001433  0.011226     2.301
   1.25391  0.20714 -0.02707 -0.51791  0.003450  0.001499  0.011243     2.301
   1.27067  0.22389 -0.02630 -0.53966  0.003606  0.001564  0.011160     2.306
   1.28758  0.24078 -0.02549 -0.55964  0.003752  0.001626  0.011103     2.308
   1.30460  0.25777 -0.02465 -0.57812  0.003892  0.001685  0.011035     2.310
   1.32169  0.27484 -0.02379 -0.59551  0.004018  0.001740  0.011019     2.309
   1.33881  0.29194 -0.02292 -0.61178  0.004142  0.001793  0.010968     2.310
   1.35590  0.30901 -0.02207 -0.62732  0.004249  0.001841  0.010987     2.308
   1.37294  0.32603 -0.02124 -0.64203  0.004355  0.001887  0.010971     2.308
   1.38994  0.34301 -0.02043 -0.65644  0.004438  0.001927  0.011059     2.303
   1.40689  0.35994 -0.01967 -0.67045  0.004517  0.001964  0.011131     2.300
   1.42382  0.37686 -0.01894 -0.68433  0.004581  0.001996  0.011257     2.295
   1.44075  0.39378 -0.01827 -0.69860  0.004614  0.002020  0.011521     2.284
   1.45775  0.41076 -0.01762 -0.71326  0.004637  0.002039  0.011811     2.274
   1.47481  0.42781 -0.01697 -0.72743  0.004690  0.002061  0.011899     2.275
   1.49192  0.44491 -0.01629 -0.74113  0.004749  0.002085  0.011947     2.278
   1.50907  0.46204 -0.01560 -0.75426  0.004816  0.002111  0.011944     2.282
   1.52625  0.47921 -0.01490 -0.76687  0.004884  0.002137  0.011934     2.285
   1.54344  0.49639 -0.01420 -0.77917  0.004945  0.002162  0.011961     2.287
   1.56064  0.51357 -0.01350 -0.79135  0.004994  0.002185  0.012042     2.285
   1.57783  0.53074 -0.01280 -0.80317  0.005049  0.002209  0.012082     2.286
   1.59499  0.54790 -0.01211 -0.81503  0.005088  0.002229  0.012202     2.283
   1.61214  0.56503 -0.01143 -0.82664  0.005132  0.002249  0.012277     2.282
   1.62928  0.58215 -0.01076 -0.83832  0.005163  0.002266  0.012416     2.279
   1.64639  0.59926 -0.01011 -0.85006  0.005188  0.002281  0.012576     2.275
   1.66350  0.61635 -0.00947 -0.86186  0.005209  0.002294  0.012746     2.271
   1.68058  0.63342 -0.00885 -0.87373  0.005225  0.002305  0.012929     2.267
   1.69766  0.65049 -0.00825 -0.88581  0.005233  0.002314  0.013149     2.262
   1.71473  0.66755 -0.00768 -0.89807  0.005236  0.002320  0.013384     2.257
   1.73178  0.68459 -0.00712 -0.91065  0.005230  0.002324  0.013668     2.250
   1.74883  0.70164 -0.00659 -0.92343  0.005223  0.002326  0.013943     2.245
   1.76588  0.71867 -0.00608 -0.93677  0.005199  0.002324  0.014314     2.237
   1.78292  0.73570 -0.00560 -0.95032  0.005180  0.002321  0.014646     2.232
   1.79995  0.75273 -0.00514 -0.96445  0.005148  0.002315  0.015059     2.224
   1.81698  0.76976 -0.00471 -0.97915  0.005108  0.002305  0.015518     2.216
   1.83401  0.78678 -0.00431 -0.99455  0.005059  0.002292  0.016037     2.207
   1.85104  0.80381 -0.00393 -1.01052  0.005009  0.002277  0.016570     2.200
   1.86807  0.82084 -0.00357 -1.02755  0.004941  0.002257  0.017235     2.189
   1.88510  0.83786 -0.00324 -1.04545  0.004870  0.002234  0.017939     2.180
   1.90213  0.85489 -0.00294 -1.06471  0.004781  0.002205  0.018802     2.168
   1.91914  0.87190 -0.00266 -1.08529  0.004686  0.002173  0.019750     2.157
   1.93613  0.88889 -0.00241 -1.10764  0.004574  0.002134  0.020885     2.143
   1.95305  0.90581 -0.00218 -1.13213  0.004445  0.002089  0.022255     2.128
   1.96983  0.92258 -0.00197 -1.15928  0.004294  0.002035  0.023938     2.110
   1.98627  0.93902 -0.00179 -1.18949  0.004123  0.001973  0.026004     2.090
   2.00209  0.95483 -0.00163 -1.22353  0.003921  0.001898  0.028700     2.066
   2.01678  0.96953 -0.00150 -1.26166  0.003691  0.001812  0.032188     2.036
   2.02984  0.98258 -0.00139 -1.30555  0.003409  0.001708  0.037237     1.996
   2.04093  0.99368 -0.00131 -1.35559  0.003096  0.001589  0.044141     1.948
   2.04725  1.00000 -0.00126 -1.41780  0.002593  0.001413  0.059809     1.835
   2.04725  1.00010 -0.00001  1.41780  0.633628  0.035510  0.000000    17.844
   2.05356  1.00637 -0.00074  1.41699  0.634586  0.035912  0.000000    17.671
   2.06096  1.01375 -0.00128  1.41597  0.635386  0.036424  0.000000    17.444
   2.06964  1.02241 -0.00168  1.41476  0.636183  0.037029  0.000000    17.181
   2.07981  1.03258 -0.00193  1.41334  0.636930  0.037744  0.000000    16.875
   2.09174  1.04452 -0.00195  1.41166  0.637581  0.038590  0.000000    16.522
   2.10574  1.05851 -0.00170  1.40969  0.638068  0.039591  0.000000    16.117
   2.12215  1.07490 -0.00106  1.40737  0.638298  0.040778  0.000000    15.653
   2.14139  1.09411  0.00009  1.40462  0.638138  0.042186  0.000000    15.127
   2.16396  1.11661  0.00190  1.40138  0.637410  0.043859  0.000000    14.533
   2.19042  1.14293  0.00457  1.39754  0.635870  0.045850  0.000000    13.868
   2.22145  1.17373  0.00836  1.39300  0.633186  0.048224  0.000000    13.130
   2.25784  1.20975  0.01358  1.38760  0.628904  0.051060  0.000000    12.317
   2.30052  1.25185  0.02060  1.38117  0.622405  0.054458  0.000000    11.429
   2.35057  1.30102  0.02990  1.37348  0.612827  0.058543  0.000000    10.468
   2.40926  1.35844  0.04205  1.36422  0.598957  0.063476  0.000000     9.436
   2.47809  1.42546  0.05774  1.35295  0.579040  0.069473  0.000000     8.335
   2.55880  1.50363  0.07780  1.33903  0.550432  0.076843  0.000000     7.163
   2.65345  1.59480  0.10326  1.32135  0.508890  0.086074  0.000000     5.912
   2.76445  1.70107  0.13529  1.29741  0.446644  0.098239  0.000000     4.547
   2.89461  1.82492  0.17533  1.25906  0.350109  0.116813  0.000000     2.997
   3.04725  1.96923  0.22508  1.52350  0.062899  0.053611  0.000000     1.173
