#    s        x        y     Ue/Vinf    Dstar     Theta      Cf       H
   0.00000  1.00000  0.00126  1.47930  0.705835  0.033566 -0.000125    21.028
   0.00630  0.99392  0.00292  1.47969  0.702750  0.033362 -0.000126    21.064
   0.01727  0.98333  0.00577  1.48038  0.697357  0.033007 -0.000127    21.128
   0.03004  0.97098  0.00904  1.48118  0.690835  0.032596 -0.000129    21.194
   0.04430  0.95718  0.01262  1.48208  0.683368  0.032139 -0.000131    21.263
   0.05958  0.94237  0.01638  1.48306  0.675199  0.031651 -0.000133    21.332
   0.07546  0.92696  0.02021  1.48408  0.666548  0.031146 -0.000135    21.401
   0.09164  0.91123  0.02403  1.48514  0.657585  0.030631 -0.000137    21.468
   0.10799  0.89533  0.02780  1.48622  0.648405  0.030112 -0.000140    21.533
   0.12441  0.87933  0.03149  1.48732  0.639062  0.029592 -0.000142    21.596
   0.14087  0.86327  0.03511  1.48844  0.629585  0.029070 -0.000145    21.657
   0.15734  0.84718  0.03864  1.48958  0.619992  0.028549 -0.000148    21.717
   0.17383  0.83106  0.04208  1.49073  0.610296  0.028028 -0.000151    21.775
   0.19032  0.81492  0.04544  1.49191  0.600497  0.027507 -0.000154    21.831
   0.20680  0.79875  0.04870  1.49311  0.590610  0.026986 -0.000157    21.886
   0.22329  0.78258  0.05188  1.49433  0.580630  0.026465 -0.000160    21.940
   0.23978  0.76638  0.05496  1.49557  0.570560  0.025944 -0.000163    21.992
   0.25626  0.75017  0.05796  1.49683  0.560410  0.025423 -0.000167    22.043
   0.27274  0.73395  0.06086  1.49812  0.550174  0.024902 -0.000170    22.093
   0.28921  0.71772  0.06368  1.49944  0.539861  0.024381 -0.000174    22.142
   0.30568  0.70148  0.06640  1.50078  0.529465  0.023861 -0.000178    22.190
   0.32214  0.68523  0.06902  1.50215  0.518995  0.023339 -0.000182    22.237
   0.33859  0.66898  0.07155  1.50355  0.508444  0.022818 -0.000187    22.282
   0.35503  0.65272  0.07398  1.50499  0.497825  0.022297 -0.000191    22.327
   0.37146  0.63645  0.07632  1.50645  0.487124  0.021775 -0.000196    22.371
   0.38788  0.62019  0.07855  1.50795  0.476354  0.021253 -0.000201    22.414
   0.40429  0.60392  0.08069  1.50949  0.465512  0.020730 -0.000206    22.456
   0.42068  0.58766  0.08272  1.51107  0.454594  0.020207 -0.000212    22.496
   0.43705  0.57140  0.08465  1.51269  0.443611  0.019684 -0.000218    22.537
   0.45341  0.55514  0.08647  1.51436  0.432555  0.019160 -0.000224    22.577
   0.46975  0.53889  0.08818  1.51607  0.421429  0.018634 -0.000230    22.616
   0.48606  0.52265  0.08978  1.51784  0.410238  0.018109 -0.000237    22.654
   0.50236  0.50642  0.09127  1.51966  0.398974  0.017582 -0.000245    22.693
   0.51863  0.49021  0.09264  1.52154  0.387640  0.017053 -0.000252    22.731
   0.53487  0.47402  0.09390  1.52348  0.376244  0.016524 -0.000261    22.769
   0.55108  0.45785  0.09503  1.52549  0.364782  0.015993 -0.000270    22.808
   0.56725  0.44172  0.09603  1.52758  0.353258  0.015461 -0.000280    22.848
   0.58335  0.42564  0.09690  1.52974  0.341681  0.014928 -0.000290    22.888
   0.59935  0.40965  0.09765  1.53198  0.330074  0.014395 -0.000301    22.929
   0.61519  0.39382  0.09824  1.53429  0.318465  0.013864 -0.000313    22.970
   0.63085  0.37817  0.09865  1.53669  0.306929  0.013335 -0.000326    23.017
   0.64639  0.36263  0.09885  1.53921  0.295432  0.012800 -0.000340    23.081
   0.66187  0.34716  0.09884  1.54188  0.283963  0.012255 -0.000356    23.172
   0.67728  0.33174  0.09863  1.54470  0.272514  0.011704 -0.000373    23.283
   0.69264  0.31639  0.09821  1.54768  0.261092  0.011148 -0.000393    23.421
   0.70795  0.30109  0.09757  1.55084  0.249688  0.010584 -0.000414    23.591
   0.72321  0.28586  0.09672  1.55420  0.238317  0.010011 -0.000439    23.805
   0.73841  0.27069  0.09564  1.55781  0.226968  0.009429 -0.000467    24.072
   0.75355  0.25561  0.09433  1.56169  0.215661  0.008835 -0.000499    24.411
   0.76863  0.24061  0.09280  1.56589  0.204384  0.008226 -0.000537    24.845
   0.78363  0.22571  0.09103  1.57047  0.193151  0.007601 -0.000543    25.411
   0.79855  0.21092  0.08902  1.57551  0.181961  0.006955 -0.000546    26.162
   0.81339  0.19626  0.08678  1.58111  0.170813  0.006284 -0.000550    27.183
   0.82811  0.18175  0.08429  1.58738  0.159722  0.005585 -0.000554    28.599
   0.84271  0.16741  0.08155  1.59458  0.148681  0.004840 -0.000559    30.718
   0.85717  0.15327  0.07856  1.60314  0.137681  0.004027 -0.000565    34.192
   0.87144  0.13937  0.07533  1.61388  0.126700  0.003093 -0.000573    40.962
   0.88548  0.12576  0.07185  1.62969  0.115608  0.001825 -0.000584    63.333
   0.89921  0.11254  0.06815  1.64350  0.104920  0.000867 -0.005240   121.068
   0.91255  0.09978  0.06426  1.64431  0.095229  0.000830 -0.005477   114.782
   0.92536  0.08762  0.06020  1.64519  0.085761  0.000794 -0.005727   107.995
   0.93750  0.07622  0.05606  1.64611  0.076661  0.000761 -0.005984   100.776
   0.94879  0.06572  0.05190  1.64707  0.068068  0.000730 -0.006239    93.190
   0.95911  0.05625  0.04782  1.64804  0.060112  0.000704 -0.006480    85.369
   0.96837  0.04786  0.04389  1.64897  0.052872  0.000682 -0.006694    77.470
   0.97657  0.04055  0.04017  1.64985  0.046375  0.000666 -0.006873    69.674
   0.98379  0.03423  0.03668  1.65065  0.040600  0.000653 -0.007015    62.163
   0.99012  0.02879  0.03343  1.65136  0.035481  0.000645 -0.007121    55.049
   0.99570  0.02411  0.03040  1.65198  0.030951  0.000639 -0.007197    48.441
   1.00063  0.02008  0.02756  1.65251  0.026919  0.000636 -0.007250    42.341
   1.00502  0.01660  0.02489  1.65296  0.023319  0.000634 -0.007286    36.765
   1.00896  0.01357  0.02236  1.65339  0.020106  0.000634 -0.007317    31.730
   1.01253  0.01095  0.01995  1.65379  0.017209  0.000634 -0.007347    27.162
   1.01577  0.00867  0.01764  1.65424  0.014604  0.000633 -0.007389    23.060
   1.01874  0.00671  0.01541  1.65482  0.012261  0.000632 -0.007453    19.394
   1.02149  0.00502  0.01324  1.65567  0.010157  0.000630 -0.007557    16.133
   1.02404  0.00360  0.01113  1.65704  0.008278  0.000624 -0.007727    13.257
   1.02642  0.00242  0.00906  1.65938  0.006615  0.000616 -0.008008    10.745
   1.02866  0.00148  0.00703  1.66344  0.005170  0.000602 -0.008493     8.595
   1.03077  0.00077  0.00504  1.67051  0.003943  0.000581 -0.009385     6.790
   1.03277  0.00029  0.00309  1.68275  0.002943  0.000551 -0.010684     5.343
   1.03468  0.00004  0.00120  1.70287  0.002149  0.000511 -0.006575     4.203
   1.03651  0.00001 -0.00064  1.73202  0.001573  0.000463  0.015559     3.400
   1.03838  0.00020 -0.00249  1.77046  0.001148  0.000403  0.061913     2.849
   1.04030  0.00065 -0.00436  1.79870  0.000881  0.000348  0.120986     2.532
   1.04230  0.00137 -0.00623  1.78971  0.000724  0.000309  0.177753     2.344
   1.04439  0.00239 -0.00805  1.72694  0.000655  0.000290  0.205893     2.256
   1.04657  0.00369 -0.00980  1.62238  0.000630  0.000285  0.209746     2.209
   1.04888  0.00527 -0.01148  1.49215  0.000636  0.000290  0.194404     2.190
   1.05132  0.00712 -0.01307  1.35175  0.000654  0.000301  0.173425     2.174
   1.05393  0.00925 -0.01459  1.20695  0.000688  0.000318  0.149092     2.160
   1.05675  0.01167 -0.01603  1.06606  0.000743  0.000342  0.121030     2.169
   1.05979  0.01438 -0.01741  0.93675  0.000796  0.000366  0.099058     2.172
   1.06312  0.01744 -0.01873  0.81407  0.000854  0.000394  0.080589     2.167
   1.06679  0.02087 -0.02000  0.69886  0.000932  0.000427  0.062473     2.184
   1.07086  0.02476 -0.02123  0.59210  0.000997  0.000458  0.049907     2.174
   1.07542  0.02916 -0.02242  0.49022  0.001096  0.000499  0.036864     2.195
   1.08058  0.03419 -0.02357  0.39624  0.001175  0.000536  0.027875     2.193
   1.08647  0.03998 -0.02467  0.30459  0.001285  0.000585  0.019518     2.197
   1.09325  0.04667 -0.02572  0.21922  0.001403  0.000632  0.012608     2.219
   1.10108  0.05445 -0.02670  0.13682  0.001512  0.000686  0.007414     2.203
   1.11013  0.06345 -0.02758  0.06015  0.001741  0.000781  0.002764     2.230
   1.12048  0.07377 -0.02833 -0.01188  0.001741  0.000781  0.000546     2.230
   1.13215  0.08543 -0.02891 -0.08058  0.001982  0.000884  0.003221     2.240
   1.14504  0.09832 -0.02929 -0.14120  0.002158  0.000962  0.005163     2.244
   1.15896  0.11223 -0.02947 -0.19661  0.002311  0.001027  0.006683     2.249
   1.17368  0.12696 -0.02945 -0.24488  0.002516  0.001110  0.007524     2.267
   1.18901  0.14228 -0.02924 -0.28851  0.002655  0.001176  0.008479     2.257
   1.20480  0.15806 -0.02887 -0.32733  0.002837  0.001247  0.008862     2.274
   1.22092  0.17418 -0.02837 -0.36159  0.002999  0.001318  0.009247     2.276
   1.23731  0.19056 -0.02776 -0.39245  0.003158  0.001385  0.009491     2.280
   1.25391  0.20714 -0.02707 -0.42087  0.003294  0.001445  0.009767     2.279
   1.27067  0.22389 -0.02630 -0.44649  0.003450  0.001508  0.009812     2.288
   1.28758  0.24078 -0.02549 -0.47010  0.003583  0.001566  0.009950     2.288
   1.30460  0.25777 -0.02465 -0.49217  0.003709  0.001621  0.010057     2.288
   1.32169  0.27484 -0.02379 -0.51277  0.003831  0.001673  0.010128     2.290
   1.33881  0.29194 -0.02292 -0.53218  0.003941  0.001721  0.010219     2.290
   1.35590  0.30901 -0.02207 -0.55048  0.004048  0.001767  0.010283     2.291
   1.37294  0.32603 -0.02124 -0.56791  0.004143  0.001810  0.010376     2.290
   1.38994  0.34301 -0.02043 -0.58473  0.004226  0.001848  0.010497     2.287
   1.40689  0.35994 -0.01967 -0.60126  0.004292  0.001880  0.010677     2.282
   1.42382  0.37686 -0.01894 -0.61749  0.004352  0.001910  0.010849     2.279
   1.44075  0.39378 -0.01827 -0.63383  0.004391  0.001933  0.011109     2.272
   1.45775  0.41076 -0.01762 -0.65072  0.004404  0.001948  0.011481     2.261
   1.47481  0.42781 -0.01697 -0.66697  0.004458  0.001969  0.011592     2.265
   1.49192  0.44491 -0.01629 -0.68267  0.004515  0.001991  0.011678     2.268
   1.50907  0.46204 -0.01560 -0.69786  0.004572  0.002014  0.011756     2.271
   1.52625  0.47921 -0.01490 -0.71253  0.004632  0.002037  0.011818     2.274
   1.54344  0.49639 -0.01420 -0.72677  0.004689  0.002061  0.011887     2.276
   1.56064  0.51357 -0.01350 -0.74092  0.004731  0.002081  0.012031     2.274
   1.57783  0.53074 -0.01280 -0.75480  0.004775  0.002101  0.012152     2.273
   1.59499  0.54790 -0.01211 -0.76846  0.004817  0.002120  0.012271     2.272
   1.61214  0.56503 -0.01143 -0.78222  0.004843  0.002135  0.012471     2.268
   1.62928  0.58215 -0.01076 -0.79580  0.004874  0.002150  0.012624     2.267
   1.64639  0.59926 -0.01011 -0.80955  0.004891  0.002162  0.012851     2.262
   1.66350  0.61635 -0.00947 -0.82332  0.004907  0.002172  0.013065     2.259
   1.68058  0.63342 -0.00885 -0.83720  0.004918  0.002181  0.013301     2.255
   1.69766  0.65049 -0.00825 -0.85124  0.004924  0.002187  0.013561     2.251
   1.71473  0.66755 -0.00768 -0.86565  0.004917  0.002190  0.013887     2.245
   1.73178  0.68459 -0.00712 -0.88016  0.004914  0.002193  0.014175     2.241
   1.74883  0.70164 -0.00659 -0.89517  0.004896  0.002191  0.014556     2.235
   1.76588  0.71867 -0.00608 -0.91050  0.004877  0.002188  0.014938     2.229
   1.78292  0.73570 -0.00560 -0.92635  0.004849  0.002182  0.015373     2.223
   1.79995  0.75273 -0.00514 -0.94278  0.004813  0.002172  0.015863     2.216
   1.81698  0.76976 -0.00471 -0.95987  0.004771  0.002160  0.016401     2.208
   1.83401  0.78678 -0.00431 -0.97757  0.004725  0.002146  0.016962     2.202
   1.85104  0.80381 -0.00393 -0.99625  0.004666  0.002128  0.017640     2.193
   1.86807  0.82084 -0.00357 -1.01595  0.004599  0.002106  0.018398     2.184
   1.88510  0.83786 -0.00324 -1.03670  0.004527  0.002081  0.019212     2.175
   1.90213  0.85489 -0.00294 -1.05899  0.004438  0.002050  0.020209     2.164
   1.91914  0.87190 -0.00266 -1.08291  0.004340  0.002016  0.021334     2.153
   1.93613  0.88889 -0.00241 -1.10882  0.004230  0.001975  0.022651     2.141
   1.95305  0.90581 -0.00218 -1.13739  0.004098  0.001928  0.024286     2.126
   1.96983  0.92258 -0.00197 -1.16885  0.003953  0.001873  0.026215     2.110
   1.98627  0.93902 -0.00179 -1.20420  0.003781  0.001809  0.028706     2.090
   2.00209  0.95483 -0.00163 -1.24396  0.003584  0.001734  0.031886     2.067
   2.01678  0.96953 -0.00150 -1.28898  0.003355  0.001646  0.036145     2.038
   2.02984  0.98258 -0.00139 -1.34097  0.003078  0.001541  0.042304     1.997
   2.04093  0.99368 -0.00131 -1.40132  0.002766  0.001420  0.051050     1.949
   2.04725  1.00000 -0.00126 -1.47930  0.002250  0.001234  0.072519     1.823
   2.04725  1.00010 -0.00001  1.47930  0.710560  0.034800  0.000000    20.418
   2.05356  1.00637 -0.00072  1.47853  0.711610  0.035207  0.000000    20.212
   2.06096  1.01375 -0.00120  1.47755  0.712465  0.035726  0.000000    19.943
   2.06964  1.02242 -0.00149  1.47640  0.713303  0.036338  0.000000    19.629
   2.07981  1.03260 -0.00157  1.47504  0.714069  0.037063  0.000000    19.267
   2.09174  1.04453 -0.00137  1.47344  0.714709  0.037919  0.000000    18.848
   2.10574  1.05851 -0.00079  1.47155  0.715146  0.038934  0.000000    18.368
   2.12215  1.07488  0.00027  1.46933  0.715270  0.040137  0.000000    17.821
   2.14139  1.09405  0.00197  1.46670  0.714932  0.041564  0.000000    17.201
   2.16396  1.11648  0.00450  1.46359  0.713929  0.043260  0.000000    16.503
   2.19042  1.14269  0.00809  1.45991  0.711983  0.045278  0.000000    15.725
   2.22145  1.17333  0.01303  1.45555  0.708719  0.047684  0.000000    14.863
   2.25784  1.20911  0.01970  1.45036  0.703625  0.050557  0.000000    13.918
   2.30052  1.25086  0.02853  1.44418  0.695998  0.053996  0.000000    12.890
   2.35057  1.29956  0.04007  1.43677  0.684863  0.058127  0.000000    11.782
   2.40926  1.35633  0.05497  1.42784  0.668843  0.063110  0.000000    10.598
   2.47809  1.42246  0.07404  1.41697  0.645934  0.069156  0.000000     9.340
   2.55880  1.49946  0.09823  1.40352  0.613099  0.076565  0.000000     8.008
   2.65345  1.58908  0.12869  1.38644  0.565418  0.085800  0.000000     6.590
   2.76445  1.69334  0.16677  1.36343  0.493749  0.097795  0.000000     5.049
   2.89461  1.81458  0.21412  1.32478  0.382353  0.116755  0.000000     3.275
   3.04725  1.95556  0.27264  1.64245  0.050835  0.047634  0.000000     1.067
