#    s        x        y     Ue/Vinf    Dstar     Theta      Cf       H
   0.00000  1.00000  0.00126  1.13425  0.127866  0.003674 -0.000283    34.804
   0.00630  0.99392  0.00292  1.13428  0.126721  0.003672 -0.000865    34.511
   0.01727  0.98333  0.00577  1.13433  0.124645  0.003669 -0.000866    33.969
   0.03004  0.97098  0.00904  1.13439  0.122144  0.003668 -0.000866    33.304
   0.04430  0.95718  0.01262  1.13444  0.119293  0.003666 -0.000867    32.538
   0.05958  0.94237  0.01638  1.13449  0.116192  0.003666 -0.000868    31.698
   0.07546  0.92696  0.02021  1.13454  0.112932  0.003665 -0.000869    30.810
   0.09164  0.91123  0.02403  1.13459  0.109580  0.003666 -0.000869    29.894
   0.10799  0.89533  0.02780  1.13464  0.106179  0.003666 -0.000870    28.962
   0.12441  0.87933  0.03149  1.13469  0.102750  0.003667 -0.000870    28.020
   0.14087  0.86327  0.03511  1.13474  0.099312  0.003668 -0.000871    27.075
   0.15734  0.84718  0.03864  1.13479  0.095870  0.003669 -0.000872    26.130
   0.17383  0.83106  0.04208  1.13484  0.092433  0.003670 -0.000872    25.187
   0.19032  0.81492  0.04544  1.13490  0.089006  0.003671 -0.000873    24.247
   0.20680  0.79875  0.04870  1.13496  0.085594  0.003671 -0.000874    23.314
   0.22329  0.78258  0.05188  1.13502  0.082199  0.003672 -0.000875    22.387
   0.23978  0.76638  0.05496  1.13509  0.078826  0.003672 -0.000877    21.468
   0.25626  0.75017  0.05796  1.13518  0.075478  0.003671 -0.000878    20.559
   0.27274  0.73395  0.06086  1.13527  0.072159  0.003670 -0.000880    19.661
   0.28921  0.71772  0.06368  1.13538  0.068872  0.003668 -0.000883    18.774
   0.30568  0.70148  0.06640  1.13550  0.065620  0.003666 -0.000885    17.900
   0.32214  0.68523  0.06902  1.13565  0.062404  0.003662 -0.000888    17.039
   0.33859  0.66898  0.07155  1.13582  0.059232  0.003658 -0.000892    16.193
   0.35503  0.65272  0.07398  1.13602  0.056102  0.003652 -0.000896    15.362
   0.37146  0.63645  0.07632  1.13626  0.053021  0.003645 -0.000902    14.547
   0.38788  0.62019  0.07855  1.13654  0.049990  0.003636 -0.000908    13.749
   0.40429  0.60392  0.08069  1.13688  0.047015  0.003625 -0.000915    12.969
   0.42068  0.58766  0.08272  1.13728  0.044096  0.003612 -0.000923    12.208
   0.43705  0.57140  0.08465  1.13777  0.041243  0.003597 -0.000933    11.467
   0.45341  0.55514  0.08647  1.13836  0.038453  0.003578 -0.000945    10.746
   0.46975  0.53889  0.08818  1.13907  0.035735  0.003557 -0.000960    10.047
   0.48606  0.52265  0.08978  1.13993  0.033091  0.003532 -0.000977     9.370
   0.50236  0.50642  0.09127  1.14097  0.030527  0.003502 -0.000998     8.716
   0.51863  0.49021  0.09264  1.14223  0.028047  0.003468 -0.001024     8.087
   0.53487  0.47402  0.09390  1.14378  0.025660  0.003429 -0.001057     7.482
   0.55108  0.45785  0.09503  1.14566  0.023364  0.003384 -0.001098     6.903
   0.56725  0.44172  0.09603  1.14797  0.021171  0.003333 -0.001151     6.352
   0.58335  0.42564  0.09690  1.15080  0.019086  0.003274 -0.001214     5.829
   0.59935  0.40965  0.09765  1.15428  0.017117  0.003208 -0.001259     5.336
   0.61519  0.39382  0.09824  1.15853  0.015267  0.003132 -0.001238     4.874
   0.63085  0.37817  0.09865  1.16365  0.013604  0.003048 -0.001053     4.463
   0.64639  0.36263  0.09885  1.16964  0.012127  0.002956 -0.000615     4.102
   0.66187  0.34716  0.09884  1.17649  0.010827  0.002857  0.000122     3.790
   0.67728  0.33174  0.09863  1.18432  0.009698  0.002748  0.001142     3.529
   0.69264  0.31639  0.09821  1.19299  0.008726  0.002633  0.002399     3.315
   0.70795  0.30109  0.09757  1.20215  0.007897  0.002513  0.003827     3.142
   0.72321  0.28586  0.09672  1.21138  0.007194  0.002394  0.005362     3.005
   0.73841  0.27069  0.09564  1.22026  0.006596  0.002278  0.006957     2.895
   0.75355  0.25561  0.09433  1.22844  0.006087  0.002167  0.008557     2.809
   0.76863  0.24061  0.09280  1.23570  0.005646  0.002061  0.010164     2.739
   0.78363  0.22571  0.09103  1.24184  0.005262  0.001961  0.011746     2.684
   0.79855  0.21092  0.08902  1.24673  0.004922  0.001865  0.013301     2.639
   0.81339  0.19626  0.08678  1.25035  0.004616  0.001774  0.014849     2.602
   0.82811  0.18175  0.08429  1.25258  0.004337  0.001687  0.016384     2.572
   0.84271  0.16741  0.08155  1.25343  0.004078  0.001602  0.017936     2.546
   0.85717  0.15327  0.07856  1.25278  0.003837  0.001519  0.019497     2.525
   0.87144  0.13937  0.07533  1.25061  0.003607  0.001439  0.021100     2.508
   0.88548  0.12576  0.07185  1.24685  0.003386  0.001359  0.022792     2.492
   0.89921  0.11254  0.06815  1.24132  0.003173  0.001280  0.024550     2.479
   0.91255  0.09978  0.06426  1.23400  0.002965  0.001202  0.026460     2.466
   0.92536  0.08762  0.06020  1.22466  0.002764  0.001125  0.028449     2.457
   0.93750  0.07622  0.05606  1.21339  0.002567  0.001049  0.030674     2.447
   0.94879  0.06572  0.05190  1.19999  0.002378  0.000976  0.033046     2.438
   0.95911  0.05625  0.04782  1.18459  0.002199  0.000905  0.035585     2.429
   0.96837  0.04786  0.04389  1.16729  0.002028  0.000838  0.038398     2.420
   0.97657  0.04055  0.04017  1.14795  0.001870  0.000776  0.041302     2.411
   0.98379  0.03423  0.03668  1.12672  0.001724  0.000718  0.044398     2.402
   0.99012  0.02879  0.03343  1.10342  0.001589  0.000664  0.047602     2.393
   0.99570  0.02411  0.03040  1.07787  0.001463  0.000614  0.051044     2.382
   1.00063  0.02008  0.02756  1.04956  0.001348  0.000568  0.054376     2.374
   1.00502  0.01660  0.02489  1.01816  0.001237  0.000525  0.058339     2.358
   1.00896  0.01357  0.02236  0.98237  0.001142  0.000485  0.061425     2.351
   1.01253  0.01095  0.01995  0.94246  0.001046  0.000448  0.065264     2.336
   1.01577  0.00867  0.01764  0.89619  0.000960  0.000413  0.068377     2.324
   1.01874  0.00671  0.01541  0.84297  0.000881  0.000381  0.070955     2.312
   1.02149  0.00502  0.01324  0.78128  0.000808  0.000351  0.072650     2.297
   1.02404  0.00360  0.01113  0.70945  0.000741  0.000324  0.072741     2.286
   1.02642  0.00242  0.00906  0.62585  0.000680  0.000299  0.070730     2.272
   1.02866  0.00148  0.00703  0.52844  0.000628  0.000278  0.065557     2.261
   1.03077  0.00077  0.00504  0.41642  0.000582  0.000259  0.056256     2.247
   1.03277  0.00029  0.00309  0.29023  0.000548  0.000245  0.041960     2.239
   1.03468  0.00004  0.00120  0.15304  0.000525  0.000235  0.023296     2.231
   1.03651  0.00001 -0.00064  0.00917  0.000506  0.000227  0.001455     2.230
   1.03838  0.00020 -0.00249 -0.14434  0.000506  0.000227  0.022824     2.230
   1.04030  0.00065 -0.00436 -0.30596  0.000499  0.000224  0.049116     2.227
   1.04230  0.00137 -0.00623 -0.46194  0.000525  0.000233  0.069153     2.249
   1.04439  0.00239 -0.00805 -0.60287  0.000556  0.000247  0.085078     2.250
   1.04657  0.00369 -0.00980 -0.72398  0.000607  0.000267  0.091407     2.275
   1.04888  0.00527 -0.01148 -0.82053  0.000675  0.000294  0.091368     2.298
   1.05132  0.00712 -0.01307 -0.89651  0.000753  0.000325  0.087817     2.318
   1.05393  0.00925 -0.01459 -0.95504  0.000843  0.000360  0.081494     2.343
   1.05675  0.01167 -0.01603 -0.99973  0.000945  0.000399  0.074499     2.366
   1.05979  0.01438 -0.01741 -1.03362  0.001057  0.000442  0.067227     2.390
   1.06312  0.01744 -0.01873 -1.05890  0.001182  0.000489  0.060065     2.415
   1.06679  0.02087 -0.02000 -1.07759  0.001318  0.000541  0.053481     2.439
   1.07086  0.02476 -0.02123 -1.09142  0.001466  0.000596  0.047654     2.460
   1.07542  0.02916 -0.02242 -1.10109  0.001630  0.000656  0.042143     2.484
   1.08058  0.03419 -0.02357 -1.10757  0.001809  0.000722  0.037312     2.506
   1.08647  0.03998 -0.02467 -1.11124  0.002010  0.000794  0.032851     2.530
   1.09325  0.04667 -0.02572 -1.11265  0.002231  0.000874  0.028924     2.552
   1.10108  0.05445 -0.02670 -1.11183  0.002481  0.000963  0.025251     2.577
   1.11013  0.06345 -0.02758 -1.10933  0.002755  0.001060  0.022120     2.600
   1.12048  0.07377 -0.02833 -1.10521  0.003061  0.001166  0.019275     2.625
   1.13215  0.08543 -0.02891 -1.09994  0.003388  0.001280  0.016872     2.647
   1.14504  0.09832 -0.02929 -1.09382  0.003737  0.001399  0.014803     2.670
   1.15896  0.11223 -0.02947 -1.08721  0.004098  0.001522  0.013068     2.692
   1.17368  0.12696 -0.02945 -1.08046  0.004463  0.001646  0.011641     2.712
   1.18901  0.14228 -0.02924 -1.07371  0.004831  0.001769  0.010435     2.731
   1.20480  0.15806 -0.02887 -1.06721  0.005191  0.001890  0.009468     2.746
   1.22092  0.17418 -0.02837 -1.06095  0.005546  0.002009  0.008645     2.761
   1.23731  0.19056 -0.02776 -1.05505  0.005890  0.002125  0.007974     2.772
   1.25391  0.20714 -0.02707 -1.04954  0.006221  0.002237  0.007428     2.781
   1.27067  0.22389 -0.02630 -1.04438  0.006540  0.002346  0.006968     2.788
   1.28758  0.24078 -0.02549 -1.03962  0.006842  0.002451  0.006598     2.791
   1.30460  0.25777 -0.02465 -1.03527  0.007125  0.002553  0.006308     2.791
   1.32169  0.27484 -0.02379 -1.03131  0.007391  0.002650  0.006075     2.789
   1.33881  0.29194 -0.02292 -1.02779  0.007631  0.002742  0.005915     2.783
   1.35590  0.30901 -0.02207 -1.02468  0.007850  0.002830  0.005802     2.773
   1.37294  0.32603 -0.02124 -1.02200  0.008042  0.002913  0.005742     2.761
   1.38994  0.34301 -0.02043 -1.01980  0.008205  0.002990  0.005738     2.744
   1.40689  0.35994 -0.01967 -1.01806  0.008339  0.003062  0.005781     2.724
   1.42382  0.37686 -0.01894 -1.01683  0.008441  0.003127  0.005881     2.699
   1.44075  0.39378 -0.01827 -1.01620  0.008504  0.003185  0.006045     2.670
   1.45775  0.41076 -0.01762 -1.01619  0.008532  0.003236  0.006270     2.637
   1.47481  0.42781 -0.01697 -1.01623  0.008594  0.003288  0.006389     2.614
   1.49192  0.44491 -0.01629 -1.01633  0.008676  0.003339  0.006449     2.598
   1.50907  0.46204 -0.01560 -1.01643  0.008773  0.003391  0.006458     2.587
   1.52625  0.47921 -0.01490 -1.01657  0.008878  0.003443  0.006443     2.579
   1.54344  0.49639 -0.01420 -1.01672  0.008988  0.003494  0.006410     2.573
   1.56064  0.51357 -0.01350 -1.01687  0.009103  0.003545  0.006361     2.568
   1.57783  0.53074 -0.01280 -1.01707  0.009214  0.003594  0.006316     2.564
   1.59499  0.54790 -0.01211 -1.01733  0.009322  0.003642  0.006276     2.559
   1.61214  0.56503 -0.01143 -1.01763  0.009425  0.003689  0.006238     2.555
   1.62928  0.58215 -0.01076 -1.01801  0.009522  0.003734  0.006211     2.550
   1.64639  0.59926 -0.01011 -1.01849  0.009611  0.003777  0.006197     2.544
   1.66350  0.61635 -0.00947 -1.01905  0.009692  0.003819  0.006191     2.538
   1.68058  0.63342 -0.00885 -1.01976  0.009761  0.003858  0.006204     2.530
   1.69766  0.65049 -0.00825 -1.02058  0.009821  0.003895  0.006229     2.522
   1.71473  0.66755 -0.00768 -1.02155  0.009870  0.003929  0.006269     2.512
   1.73178  0.68459 -0.00712 -1.02269  0.009906  0.003961  0.006326     2.501
   1.74883  0.70164 -0.00659 -1.02399  0.009932  0.003990  0.006397     2.489
   1.76588  0.71867 -0.00608 -1.02551  0.009943  0.004015  0.006488     2.476
   1.78292  0.73570 -0.00560 -1.02723  0.009943  0.004038  0.006595     2.462
   1.79995  0.75273 -0.00514 -1.02919  0.009929  0.004057  0.006723     2.447
   1.81698  0.76976 -0.00471 -1.03140  0.009902  0.004073  0.006868     2.431
   1.83401  0.78678 -0.00431 -1.03390  0.009859  0.004085  0.007038     2.414
   1.85104  0.80381 -0.00393 -1.03671  0.009802  0.004093  0.007232     2.395
   1.86807  0.82084 -0.00357 -1.03990  0.009728  0.004096  0.007455     2.375
   1.88510  0.83786 -0.00324 -1.04347  0.009638  0.004094  0.007707     2.354
   1.90213  0.85489 -0.00294 -1.04755  0.009526  0.004086  0.008002     2.331
   1.91914  0.87190 -0.00266 -1.05212  0.009396  0.004072  0.008335     2.308
   1.93613  0.88889 -0.00241 -1.05734  0.009243  0.004051  0.008724     2.282
   1.95305  0.90581 -0.00218 -1.06332  0.009062  0.004021  0.009183     2.254
   1.96983  0.92258 -0.00197 -1.07018  0.008851  0.003982  0.009727     2.223
   1.98627  0.93902 -0.00179 -1.07810  0.008607  0.003931  0.010378     2.190
   2.00209  0.95483 -0.00163 -1.08722  0.008325  0.003866  0.011169     2.153
   2.01678  0.96953 -0.00150 -1.09753  0.008009  0.003789  0.012115     2.114
   2.02984  0.98258 -0.00139 -1.10909  0.007655  0.003696  0.013269     2.071
   2.04093  0.99368 -0.00131 -1.12149  0.007287  0.003594  0.014595     2.027
   2.04725  1.00000 -0.00126 -1.13425  0.006852  0.003473  0.016379     1.973
   2.04725  1.00010 -0.00001  1.13425  0.137193  0.007147  0.000000    19.197
   2.05356  1.00636 -0.00081  1.13139  0.136867  0.007530  0.000000    18.177
   2.06096  1.01371 -0.00161  1.12771  0.136236  0.008026  0.000000    16.975
   2.06964  1.02235 -0.00248  1.12332  0.135375  0.008620  0.000000    15.704
   2.07981  1.03248 -0.00343  1.11806  0.134232  0.009338  0.000000    14.375
   2.09174  1.04437 -0.00445  1.11176  0.132739  0.010204  0.000000    13.008
   2.10574  1.05831 -0.00556  1.10423  0.130801  0.011247  0.000000    11.629
   2.12215  1.07468 -0.00676  1.09520  0.128303  0.012508  0.000000    10.258
   2.14139  1.09388 -0.00804  1.08436  0.125100  0.014036  0.000000     8.913
   2.16396  1.11640 -0.00940  1.07125  0.121018  0.015902  0.000000     7.610
   2.19042  1.14283 -0.01082  1.05524  0.115857  0.018206  0.000000     6.364
   2.22145  1.17383 -0.01230  1.03549  0.109399  0.021087  0.000000     5.188
   2.25784  1.21019 -0.01380  1.00991  0.101521  0.024893  0.000000     4.078
   2.30052  1.25284 -0.01529  0.98270  0.091950  0.029025  0.000000     3.168
   2.35057  1.30287 -0.01671  0.96045  0.080904  0.032421  0.000000     2.495
   2.40926  1.36154 -0.01801  0.94655  0.069348  0.034495  0.000000     2.010
   2.47809  1.43036 -0.01911  0.94274  0.058608  0.035034  0.000000     1.673
   2.55880  1.51107 -0.01989  0.94724  0.049783  0.034445  0.000000     1.445
   2.65345  1.60572 -0.02024  0.95599  0.043228  0.033395  0.000000     1.294
   2.76445  1.71672 -0.01999  0.96537  0.038647  0.032352  0.000000     1.195
   2.89461  1.84688 -0.01896  0.97365  0.035527  0.031491  0.000000     1.128
   3.04725  1.99951 -0.01692  0.98562  0.032829  0.030318  0.000000     1.083
