#    s        x        y     Ue/Vinf    Dstar     Theta      Cf       H
   0.00000  1.00000  0.00126  1.42756  0.641427  0.034411 -0.000118    18.640
   0.00630  0.99392  0.00292  1.42797  0.638457  0.034208 -0.000119    18.664
   0.01727  0.98333  0.00577  1.42869  0.633269  0.033853 -0.000120    18.706
   0.03004  0.97098  0.00904  1.42953  0.627008  0.033442 -0.000122    18.749
   0.04430  0.95718  0.01262  1.43048  0.619853  0.032985 -0.000124    18.792
   0.05958  0.94237  0.01638  1.43151  0.612036  0.032496 -0.000126    18.834
   0.07546  0.92696  0.02021  1.43259  0.603772  0.031989 -0.000128    18.874
   0.09164  0.91123  0.02403  1.43371  0.595221  0.031472 -0.000130    18.913
   0.10799  0.89533  0.02780  1.43486  0.586474  0.030951 -0.000132    18.949
   0.12441  0.87933  0.03149  1.43602  0.577582  0.030427 -0.000135    18.982
   0.14087  0.86327  0.03511  1.43722  0.568577  0.029902 -0.000137    19.014
   0.15734  0.84718  0.03864  1.43843  0.559471  0.029377 -0.000140    19.045
   0.17383  0.83106  0.04208  1.43967  0.550279  0.028851 -0.000142    19.073
   0.19032  0.81492  0.04544  1.44093  0.541002  0.028324 -0.000145    19.101
   0.20680  0.79875  0.04870  1.44221  0.531651  0.027797 -0.000148    19.126
   0.22329  0.78258  0.05188  1.44352  0.522225  0.027269 -0.000151    19.151
   0.23978  0.76638  0.05496  1.44486  0.512723  0.026740 -0.000154    19.174
   0.25626  0.75017  0.05796  1.44622  0.503162  0.026211 -0.000157    19.197
   0.27274  0.73395  0.06086  1.44762  0.493529  0.025681 -0.000161    19.218
   0.28921  0.71772  0.06368  1.44905  0.483833  0.025150 -0.000164    19.238
   0.30568  0.70148  0.06640  1.45051  0.474075  0.024618 -0.000168    19.257
   0.32214  0.68523  0.06902  1.45200  0.464257  0.024085 -0.000172    19.276
   0.33859  0.66898  0.07155  1.45353  0.454375  0.023551 -0.000176    19.293
   0.35503  0.65272  0.07398  1.45511  0.444442  0.023015 -0.000180    19.311
   0.37146  0.63645  0.07632  1.45672  0.434448  0.022479 -0.000185    19.327
   0.38788  0.62019  0.07855  1.45838  0.424399  0.021940 -0.000189    19.344
   0.40429  0.60392  0.08069  1.46009  0.414297  0.021400 -0.000194    19.360
   0.42068  0.58766  0.08272  1.46184  0.404140  0.020858 -0.000200    19.376
   0.43705  0.57140  0.08465  1.46365  0.393929  0.020314 -0.000205    19.392
   0.45341  0.55514  0.08647  1.46552  0.383673  0.019768 -0.000211    19.409
   0.46975  0.53889  0.08818  1.46745  0.373359  0.019219 -0.000217    19.427
   0.48606  0.52265  0.08978  1.46945  0.363001  0.018667 -0.000224    19.446
   0.50236  0.50642  0.09127  1.47152  0.352594  0.018113 -0.000231    19.466
   0.51863  0.49021  0.09264  1.47366  0.342138  0.017556 -0.000239    19.489
   0.53487  0.47402  0.09390  1.47590  0.331637  0.016995 -0.000247    19.514
   0.55108  0.45785  0.09503  1.47822  0.321086  0.016430 -0.000256    19.543
   0.56725  0.44172  0.09603  1.48064  0.310499  0.015861 -0.000266    19.576
   0.58335  0.42564  0.09690  1.48317  0.299881  0.015289 -0.000276    19.615
   0.59935  0.40965  0.09765  1.48580  0.289254  0.014713 -0.000287    19.660
   0.61519  0.39382  0.09824  1.48855  0.278634  0.014137 -0.000300    19.710
   0.63085  0.37817  0.09865  1.49142  0.268111  0.013558 -0.000313    19.775
   0.64639  0.36263  0.09885  1.49448  0.257644  0.012966 -0.000328    19.871
   0.66187  0.34716  0.09884  1.49774  0.247221  0.012362 -0.000345    19.998
   0.67728  0.33174  0.09863  1.50121  0.236847  0.011748 -0.000363    20.160
   0.69264  0.31639  0.09821  1.50491  0.226517  0.011122 -0.000385    20.367
   0.70795  0.30109  0.09757  1.50889  0.216225  0.010481 -0.000409    20.630
   0.72321  0.28586  0.09672  1.51320  0.205986  0.009823 -0.000437    20.969
   0.73841  0.27069  0.09564  1.51788  0.195793  0.009146 -0.000471    21.409
   0.75355  0.25561  0.09433  1.52302  0.185656  0.008443 -0.000510    21.988
   0.76863  0.24061  0.09280  1.52871  0.175566  0.007711 -0.000514    22.767
   0.78363  0.22571  0.09103  1.53509  0.165526  0.006941 -0.000518    23.847
   0.79855  0.21092  0.08902  1.54234  0.155545  0.006125 -0.000523    25.397
   0.81339  0.19626  0.08678  1.55077  0.145589  0.005242 -0.000529    27.771
   0.82811  0.18175  0.08429  1.56104  0.135656  0.004250 -0.000536    31.919
   0.84271  0.16741  0.08155  1.57469  0.125637  0.003037 -0.000546    41.362
   0.85717  0.15327  0.07856  1.59822  0.115144  0.001003 -0.004403   114.783
   0.87144  0.13937  0.07533  1.59890  0.106332  0.000968 -0.004568   109.896
   0.88548  0.12576  0.07185  1.59964  0.097537  0.000932 -0.004744   104.609
   0.89921  0.11254  0.06815  1.60044  0.088832  0.000898 -0.004931    98.953
   0.91255  0.09978  0.06426  1.60131  0.080281  0.000864 -0.005128    92.914
   0.92536  0.08762  0.06020  1.60224  0.071981  0.000832 -0.005331    86.524
   0.93750  0.07622  0.05606  1.60322  0.064036  0.000802 -0.005535    79.825
   0.94879  0.06572  0.05190  1.60423  0.056562  0.000776 -0.005732    72.918
   0.95911  0.05625  0.04782  1.60524  0.049667  0.000753 -0.005914    65.960
   0.96837  0.04786  0.04389  1.60622  0.043415  0.000734 -0.006074    59.114
   0.97657  0.04055  0.04017  1.60716  0.037834  0.000720 -0.006210    52.567
   0.98379  0.03423  0.03668  1.60803  0.032885  0.000709 -0.006321    46.412
   0.99012  0.02879  0.03343  1.60884  0.028520  0.000700 -0.006413    40.737
   0.99570  0.02411  0.03040  1.60961  0.024673  0.000694 -0.006491    35.569
   1.00063  0.02008  0.02756  1.61035  0.021269  0.000689 -0.006561    30.885
   1.00502  0.01660  0.02489  1.61111  0.018244  0.000684 -0.006630    26.657
   1.00896  0.01357  0.02236  1.61193  0.015557  0.000680 -0.006706    22.874
   1.01253  0.01095  0.01995  1.61288  0.013153  0.000675 -0.006798    19.472
   1.01577  0.00867  0.01764  1.61411  0.011017  0.000669 -0.006920    16.456
   1.01874  0.00671  0.01541  1.61580  0.009103  0.000662 -0.007091    13.760
   1.02149  0.00502  0.01324  1.61831  0.007416  0.000651 -0.007343    11.400
   1.02404  0.00360  0.01113  1.62214  0.005923  0.000635 -0.007733     9.321
   1.02642  0.00242  0.00906  1.62825  0.004638  0.000614 -0.008377     7.547
   1.02866  0.00148  0.00703  1.63810  0.003540  0.000586 -0.009522     6.037
   1.03077  0.00077  0.00504  1.65411  0.002648  0.000549 -0.009951     4.821
   1.03277  0.00029  0.00309  1.67828  0.001955  0.000503 -0.001211     3.885
   1.03468  0.00004  0.00120  1.71130  0.001445  0.000448  0.025464     3.222
   1.03651  0.00001 -0.00064  1.74767  0.001095  0.000390  0.067930     2.806
   1.03838  0.00020 -0.00249  1.77251  0.000857  0.000338  0.122232     2.535
   1.04030  0.00065 -0.00436  1.76355  0.000713  0.000300  0.171994     2.377
   1.04230  0.00137 -0.00623  1.70812  0.000630  0.000277  0.207672     2.276
   1.04439  0.00239 -0.00805  1.60560  0.000598  0.000268  0.214628     2.229
   1.04657  0.00369 -0.00980  1.47272  0.000592  0.000269  0.205082     2.196
   1.04888  0.00527 -0.01148  1.32217  0.000609  0.000279  0.181460     2.180
   1.05132  0.00712 -0.01307  1.16954  0.000642  0.000295  0.152328     2.179
   1.05393  0.00925 -0.01459  1.02254  0.000681  0.000314  0.126433     2.171
   1.05675  0.01167 -0.01603  0.88273  0.000736  0.000338  0.100528     2.177
   1.05979  0.01438 -0.01741  0.75429  0.000793  0.000364  0.079570     2.179
   1.06312  0.01744 -0.01873  0.63468  0.000858  0.000393  0.061756     2.181
   1.06679  0.02087 -0.02000  0.52402  0.000934  0.000427  0.046537     2.189
   1.07086  0.02476 -0.02123  0.42188  0.001013  0.000462  0.034396     2.193
   1.07542  0.02916 -0.02242  0.32674  0.001102  0.000500  0.024260     2.204
   1.08058  0.03419 -0.02357  0.23721  0.001190  0.000539  0.016265     2.207
   1.08647  0.03998 -0.02467  0.15182  0.001317  0.000597  0.009419     2.206
   1.09325  0.04667 -0.02572  0.07435  0.001469  0.000659  0.004048     2.230
   1.10108  0.05445 -0.02670 -0.00216  0.001469  0.000659  0.000118     2.230
   1.11013  0.06345 -0.02758 -0.07299  0.001734  0.000777  0.003361     2.231
   1.12048  0.07377 -0.02833 -0.13808  0.001869  0.000833  0.005830     2.244
   1.13215  0.08543 -0.02891 -0.19957  0.002016  0.000896  0.007775     2.250
   1.14504  0.09832 -0.02929 -0.25455  0.002215  0.000977  0.008879     2.268
   1.15896  0.11223 -0.02947 -0.30344  0.002390  0.001055  0.009819     2.266
   1.17368  0.12696 -0.02945 -0.34691  0.002578  0.001132  0.010306     2.277
   1.18901  0.14228 -0.02924 -0.38517  0.002758  0.001209  0.010650     2.282
   1.20480  0.15806 -0.02887 -0.41934  0.002928  0.001281  0.010885     2.285
   1.22092  0.17418 -0.02837 -0.44978  0.003099  0.001353  0.010971     2.291
   1.23731  0.19056 -0.02776 -0.47674  0.003272  0.001424  0.010942     2.298
   1.25391  0.20714 -0.02707 -0.50142  0.003421  0.001489  0.011018     2.297
   1.27067  0.22389 -0.02630 -0.52393  0.003574  0.001553  0.010974     2.301
   1.28758  0.24078 -0.02549 -0.54438  0.003726  0.001616  0.010893     2.306
   1.30460  0.25777 -0.02465 -0.56356  0.003856  0.001673  0.010912     2.304
   1.32169  0.27484 -0.02379 -0.58144  0.003986  0.001728  0.010874     2.306
   1.33881  0.29194 -0.02292 -0.59838  0.004101  0.001779  0.010890     2.305
   1.35590  0.30901 -0.02207 -0.61432  0.004215  0.001828  0.010871     2.305
   1.37294  0.32603 -0.02124 -0.62964  0.004311  0.001872  0.010920     2.303
   1.38994  0.34301 -0.02043 -0.64432  0.004404  0.001913  0.010954     2.302
   1.40689  0.35994 -0.01967 -0.65885  0.004473  0.001948  0.011087     2.296
   1.42382  0.37686 -0.01894 -0.67312  0.004538  0.001980  0.011206     2.292
   1.44075  0.39378 -0.01827 -0.68771  0.004575  0.002004  0.011459     2.282
   1.45775  0.41076 -0.01762 -0.70271  0.004597  0.002023  0.011758     2.272
   1.47481  0.42781 -0.01697 -0.71729  0.004646  0.002044  0.011874     2.273
   1.49192  0.44491 -0.01629 -0.73126  0.004710  0.002069  0.011898     2.277
   1.50907  0.46204 -0.01560 -0.74480  0.004770  0.002093  0.011938     2.279
   1.52625  0.47921 -0.01490 -0.75777  0.004837  0.002119  0.011932     2.283
   1.54344  0.49639 -0.01420 -0.77051  0.004893  0.002143  0.011991     2.283
   1.56064  0.51357 -0.01350 -0.78285  0.004952  0.002167  0.012020     2.285
   1.57783  0.53074 -0.01280 -0.79515  0.004996  0.002189  0.012127     2.283
   1.59499  0.54790 -0.01211 -0.80719  0.005043  0.002210  0.012202     2.282
   1.61214  0.56503 -0.01143 -0.81927  0.005077  0.002228  0.012339     2.279
   1.62928  0.58215 -0.01076 -0.83126  0.005110  0.002245  0.012468     2.276
   1.64639  0.59926 -0.01011 -0.84331  0.005135  0.002259  0.012629     2.273
   1.66350  0.61635 -0.00947 -0.85543  0.005155  0.002272  0.012807     2.269
   1.68058  0.63342 -0.00885 -0.86767  0.005169  0.002283  0.013007     2.264
   1.69766  0.65049 -0.00825 -0.88008  0.005176  0.002291  0.013232     2.260
   1.71473  0.66755 -0.00768 -0.89269  0.005179  0.002297  0.013478     2.255
   1.73178  0.68459 -0.00712 -0.90558  0.005174  0.002301  0.013758     2.249
   1.74883  0.70164 -0.00659 -0.91874  0.005164  0.002302  0.014057     2.243
   1.76588  0.71867 -0.00608 -0.93238  0.005142  0.002300  0.014420     2.236
   1.78292  0.73570 -0.00560 -0.94634  0.005120  0.002296  0.014779     2.230
   1.79995  0.75273 -0.00514 -0.96093  0.005084  0.002289  0.015223     2.222
   1.81698  0.76976 -0.00471 -0.97592  0.005050  0.002280  0.015657     2.215
   1.83401  0.78678 -0.00431 -0.99174  0.004999  0.002266  0.016202     2.206
   1.85104  0.80381 -0.00393 -1.00817  0.004947  0.002250  0.016758     2.198
   1.86807  0.82084 -0.00357 -1.02559  0.004881  0.002230  0.017425     2.189
   1.88510  0.83786 -0.00324 -1.04399  0.004808  0.002207  0.018162     2.179
   1.90213  0.85489 -0.00294 -1.06375  0.004720  0.002178  0.019043     2.167
   1.91914  0.87190 -0.00266 -1.08491  0.004623  0.002145  0.020026     2.156
   1.93613  0.88889 -0.00241 -1.10780  0.004513  0.002106  0.021178     2.143
   1.95305  0.90581 -0.00218 -1.13301  0.004381  0.002060  0.022606     2.127
   1.96983  0.92258 -0.00197 -1.16076  0.004235  0.002007  0.024296     2.111
   1.98627  0.93902 -0.00179 -1.19185  0.004062  0.001943  0.026455     2.090
   2.00209  0.95483 -0.00163 -1.22681  0.003861  0.001869  0.029222     2.066
   2.01678  0.96953 -0.00150 -1.26612  0.003630  0.001782  0.032854     2.036
   2.02984  0.98258 -0.00139 -1.31126  0.003350  0.001678  0.038050     1.996
   2.04093  0.99368 -0.00131 -1.36287  0.003038  0.001559  0.045223     1.948
   2.04725  1.00000 -0.00126 -1.42756  0.002531  0.001381  0.061778     1.833
   2.04725  1.00010 -0.00001  1.42756  0.646433  0.035792  0.000000    18.061
   2.05356  1.00637 -0.00074  1.42676  0.647408  0.036195  0.000000    17.887
   2.06096  1.01375 -0.00127  1.42574  0.648219  0.036708  0.000000    17.659
   2.06964  1.02241 -0.00165  1.42455  0.649026  0.037314  0.000000    17.393
   2.07981  1.03259 -0.00187  1.42314  0.649779  0.038031  0.000000    17.086
   2.09174  1.04452 -0.00186  1.42148  0.650434  0.038878  0.000000    16.730
   2.10574  1.05851 -0.00155  1.41953  0.650919  0.039882  0.000000    16.321
   2.12215  1.07490 -0.00085  1.41723  0.651137  0.041071  0.000000    15.854
   2.14139  1.09411  0.00039  1.41451  0.650956  0.042482  0.000000    15.323
   2.16396  1.11659  0.00231  1.41130  0.650192  0.044158  0.000000    14.724
   2.19042  1.14290  0.00513  1.40750  0.648596  0.046153  0.000000    14.053
   2.22145  1.17368  0.00911  1.40299  0.645828  0.048531  0.000000    13.308
   2.25784  1.20966  0.01456  1.39765  0.641428  0.051372  0.000000    12.486
   2.30052  1.25171  0.02187  1.39127  0.634759  0.054775  0.000000    11.589
   2.35057  1.30081  0.03154  1.38365  0.624943  0.058865  0.000000    10.617
   2.40926  1.35814  0.04413  1.37446  0.610741  0.063803  0.000000     9.572
   2.47809  1.42502  0.06038  1.36329  0.590355  0.069805  0.000000     8.457
   2.55880  1.50302  0.08112  1.34948  0.561077  0.077177  0.000000     7.270
   2.65345  1.59395  0.10740  1.33195  0.518551  0.086404  0.000000     6.001
   2.76445  1.69992  0.14043  1.30822  0.454777  0.098534  0.000000     4.615
   2.89461  1.82337  0.18169  1.26965  0.355856  0.117301  0.000000     3.034
   3.04725  1.96717  0.23290  1.54253  0.061202  0.052842  0.000000     1.158
