NACA 4412                                       
 Alfa =  -1.05000 Re =    60000.000 Xflap,Yflap =     0.000000    0.000000
#    x        y        Cp  
   1.00000  0.00126 -0.04368
   0.99392  0.00292 -0.05343
   0.98333  0.00577 -0.07142
   0.97098  0.00904 -0.09453
   0.95718  0.01262 -0.12335
   0.94237  0.01638 -0.15879
   0.92696  0.02021 -0.20307
   0.91123  0.02403 -0.24706
   0.89533  0.02780 -0.24752
   0.87933  0.03149 -0.24792
   0.86327  0.03511 -0.24831
   0.84718  0.03864 -0.24869
   0.83106  0.04208 -0.24909
   0.81492  0.04544 -0.24953
   0.79875  0.04870 -0.25003
   0.78258  0.05188 -0.25060
   0.76638  0.05496 -0.25127
   0.75017  0.05796 -0.25207
   0.73395  0.06086 -0.25303
   0.71772  0.06368 -0.25418
   0.70148  0.06640 -0.25558
   0.68523  0.06902 -0.25727
   0.66898  0.07155 -0.25933
   0.65272  0.07398 -0.26181
   0.63645  0.07632 -0.26483
   0.62019  0.07855 -0.26847
   0.60392  0.08069 -0.27288
   0.58766  0.08272 -0.27819
   0.57140  0.08465 -0.28457
   0.55514  0.08647 -0.29216
   0.53889  0.08818 -0.30109
   0.52265  0.08978 -0.31142
   0.50642  0.09127 -0.32298
   0.49021  0.09264 -0.33590
   0.47402  0.09390 -0.35029
   0.45785  0.09503 -0.36606
   0.44172  0.09603 -0.38295
   0.42564  0.09690 -0.40068
   0.40965  0.09765 -0.41895
   0.39382  0.09824 -0.43765
   0.37817  0.09865 -0.45482
   0.36263  0.09885 -0.46982
   0.34716  0.09884 -0.48248
   0.33174  0.09863 -0.49261
   0.31639  0.09821 -0.50024
   0.30109  0.09757 -0.50523
   0.28586  0.09672 -0.50757
   0.27069  0.09564 -0.50729
   0.25561  0.09433 -0.50413
   0.24061  0.09280 -0.49827
   0.22571  0.09103 -0.48945
   0.21092  0.08902 -0.47755
   0.19626  0.08678 -0.46265
   0.18175  0.08429 -0.44406
   0.16741  0.08155 -0.42214
   0.15327  0.07856 -0.39614
   0.13937  0.07533 -0.36621
   0.12576  0.07185 -0.33172
   0.11254  0.06815 -0.29231
   0.09978  0.06426 -0.24811
   0.08762  0.06020 -0.19836
   0.07622  0.05606 -0.14380
   0.06572  0.05190 -0.08426
   0.05625  0.04782 -0.02049
   0.04786  0.04389  0.04667
   0.04055  0.04017  0.11615
   0.03423  0.03668  0.18779
   0.02879  0.03343  0.26096
   0.02411  0.03040  0.33520
   0.02008  0.02756  0.41139
   0.01660  0.02489  0.48822
   0.01357  0.02236  0.56648
   0.01095  0.01995  0.64528
   0.00867  0.01764  0.72346
   0.00671  0.01541  0.80011
   0.00502  0.01324  0.87124
   0.00360  0.01113  0.93269
   0.00242  0.00906  0.97813
   0.00148  0.00703  0.99957
   0.00077  0.00504  0.98594
   0.00029  0.00309  0.92852
   0.00004  0.00120  0.81927
   0.00001 -0.00064  0.65946
   0.00020 -0.00249  0.44149
   0.00065 -0.00436  0.17505
   0.00137 -0.00623 -0.10712
   0.00239 -0.00805 -0.37402
   0.00369 -0.00980 -0.59394
   0.00527 -0.01148 -0.75625
   0.00712 -0.01307 -0.86480
   0.00925 -0.01459 -0.93034
   0.01167 -0.01603 -0.96230
   0.01438 -0.01741 -0.96909
   0.01744 -0.01873 -0.95904
   0.02087 -0.02000 -0.93628
   0.02476 -0.02123 -0.90542
   0.02916 -0.02242 -0.86773
   0.03419 -0.02357 -0.82528
   0.03998 -0.02467 -0.77923
   0.04667 -0.02572 -0.73032
   0.05445 -0.02670 -0.67939
   0.06345 -0.02758 -0.62746
   0.07377 -0.02833 -0.57576
   0.08543 -0.02891 -0.52590
   0.09832 -0.02929 -0.47938
   0.11223 -0.02947 -0.43746
   0.12696 -0.02945 -0.40072
   0.14228 -0.02924 -0.36903
   0.15806 -0.02887 -0.34185
   0.17418 -0.02837 -0.31879
   0.19056 -0.02776 -0.29921
   0.20714 -0.02707 -0.28247
   0.22389 -0.02630 -0.26800
   0.24078 -0.02549 -0.25529
   0.25777 -0.02465 -0.24397
   0.27484 -0.02379 -0.23374
   0.29194 -0.02292 -0.22435
   0.30901 -0.02207 -0.21563
   0.32603 -0.02124 -0.20740
   0.34301 -0.02043 -0.19952
   0.35994 -0.01967 -0.19187
   0.37686 -0.01894 -0.18433
   0.39378 -0.01827 -0.17680
   0.41076 -0.01762 -0.16916
   0.42781 -0.01697 -0.16144
   0.44491 -0.01629 -0.15360
   0.46204 -0.01560 -0.14561
   0.47921 -0.01490 -0.11910
   0.49639 -0.01420 -0.07505
   0.51357 -0.01350 -0.03954
   0.53074 -0.01280 -0.01349
   0.54790 -0.01211  0.00382
   0.56503 -0.01143  0.01443
   0.58215 -0.01076  0.02043
   0.59926 -0.01011  0.02351
   0.61635 -0.00947  0.02502
   0.63342 -0.00885  0.02567
   0.65049 -0.00825  0.02598
   0.66755 -0.00768  0.02613
   0.68459 -0.00712  0.02627
   0.70164 -0.00659  0.02641
   0.71867 -0.00608  0.02647
   0.73570 -0.00560  0.02652
   0.75273 -0.00514  0.02648
   0.76976 -0.00471  0.02636
   0.78678 -0.00431  0.02607
   0.80381 -0.00393  0.02557
   0.82084 -0.00357  0.02486
   0.83786 -0.00324  0.02390
   0.85489 -0.00294  0.02245
   0.87190 -0.00266  0.02078
   0.88889 -0.00241  0.01852
   0.90581 -0.00218  0.01567
   0.92258 -0.00197  0.01199
   0.93902 -0.00179  0.00731
   0.95483 -0.00163  0.00136
   0.96953 -0.00150 -0.00607
   0.98258 -0.00139 -0.01548
   0.99368 -0.00131 -0.02634
   1.00000 -0.00126 -0.04368
