#    s        x        y     Ue/Vinf    Dstar     Theta      Cf       H
   0.00000  1.00000  0.00126  1.02880  0.054326  0.005757 -0.000180     9.436
   0.00630  0.99392  0.00292  1.03421  0.053534  0.005416 -0.000191     9.883
   0.01727  0.98333  0.00577  1.04430  0.052088  0.004804 -0.000215    10.842
   0.03004  0.97098  0.00904  1.05748  0.050393  0.004050 -0.000246    12.441
   0.04430  0.95718  0.01262  1.07488  0.048432  0.003122 -0.000254    15.513
   0.05958  0.94237  0.01638  1.08970  0.046461  0.002398 -0.000431    19.375
   0.07546  0.92696  0.02021  1.08980  0.044851  0.002396 -0.000432    18.718
   0.09164  0.91123  0.02403  1.08989  0.043109  0.002395 -0.000433    17.997
   0.10799  0.89533  0.02780  1.08996  0.041294  0.002395 -0.000434    17.242
   0.12441  0.87933  0.03149  1.09004  0.039436  0.002395 -0.000435    16.467
   0.14087  0.86327  0.03511  1.09013  0.037560  0.002394 -0.000437    15.687
   0.15734  0.84718  0.03864  1.09022  0.035680  0.002394 -0.000438    14.906
   0.17383  0.83106  0.04208  1.09034  0.033807  0.002392 -0.000440    14.131
   0.19032  0.81492  0.04544  1.09049  0.031950  0.002390 -0.000442    13.367
   0.20680  0.79875  0.04870  1.09068  0.030119  0.002387 -0.000445    12.617
   0.22329  0.78258  0.05188  1.09092  0.028316  0.002383 -0.000449    11.883
   0.23978  0.76638  0.05496  1.09121  0.026551  0.002377 -0.000453    11.168
   0.25626  0.75017  0.05796  1.09159  0.024826  0.002370 -0.000458    10.475
   0.27274  0.73395  0.06086  1.09205  0.023150  0.002361 -0.000463     9.805
   0.28921  0.71772  0.06368  1.09264  0.021526  0.002350 -0.000471     9.161
   0.30568  0.70148  0.06640  1.09336  0.019959  0.002336 -0.000480     8.543
   0.32214  0.68523  0.06902  1.09425  0.018452  0.002320 -0.000491     7.953
   0.33859  0.66898  0.07155  1.09536  0.017014  0.002301 -0.000504     7.394
   0.35503  0.65272  0.07398  1.09671  0.015645  0.002279 -0.000521     6.866
   0.37146  0.63645  0.07632  1.09836  0.014351  0.002253 -0.000542     6.370
   0.38788  0.62019  0.07855  1.10037  0.013135  0.002223 -0.000567     5.908
   0.40429  0.60392  0.08069  1.10280  0.012004  0.002190 -0.000588     5.482
   0.42068  0.58766  0.08272  1.10572  0.010956  0.002152 -0.000592     5.091
   0.43705  0.57140  0.08465  1.10917  0.009997  0.002110 -0.000564     4.738
   0.45341  0.55514  0.08647  1.11321  0.009124  0.002064 -0.000478     4.421
   0.46975  0.53889  0.08818  1.11777  0.008337  0.002014 -0.000318     4.140
   0.48606  0.52265  0.08978  1.12283  0.007632  0.001961 -0.000078     3.892
   0.50236  0.50642  0.09127  1.12847  0.007006  0.001905  0.000237     3.678
   0.51863  0.49021  0.09264  1.13464  0.006454  0.001845  0.000611     3.498
   0.53487  0.47402  0.09390  1.14124  0.005968  0.001783  0.001033     3.347
   0.55108  0.45785  0.09503  1.14814  0.005534  0.001719  0.001498     3.219
   0.56725  0.44172  0.09603  1.15522  0.005144  0.001655  0.002002     3.108
   0.58335  0.42564  0.09690  1.16236  0.004788  0.001591  0.002558     3.010
   0.59935  0.40965  0.09765  1.16949  0.004453  0.001527  0.003191     2.917
   0.61519  0.39382  0.09824  1.17659  0.004122  0.001462  0.003977     2.820
   0.63085  0.37817  0.09865  1.18280  0.003844  0.001402  0.004740     2.743
   0.64639  0.36263  0.09885  1.18794  0.003610  0.001345  0.005458     2.684
   0.66187  0.34716  0.09884  1.19199  0.003408  0.001293  0.006140     2.636
   0.67728  0.33174  0.09863  1.19498  0.003229  0.001243  0.006797     2.597
   0.69264  0.31639  0.09821  1.19686  0.003068  0.001196  0.007430     2.565
   0.70795  0.30109  0.09757  1.19764  0.002922  0.001151  0.008041     2.538
   0.72321  0.28586  0.09672  1.19730  0.002788  0.001108  0.008636     2.516
   0.73841  0.27069  0.09564  1.19586  0.002662  0.001067  0.009231     2.495
   0.75355  0.25561  0.09433  1.19322  0.002545  0.001027  0.009808     2.479
   0.76863  0.24061  0.09280  1.18942  0.002432  0.000988  0.010398     2.463
   0.78363  0.22571  0.09103  1.18433  0.002325  0.000949  0.010985     2.449
   0.79855  0.21092  0.08902  1.17786  0.002222  0.000912  0.011567     2.438
   0.81339  0.19626  0.08678  1.17002  0.002121  0.000874  0.012173     2.427
   0.82811  0.18175  0.08429  1.16059  0.002024  0.000837  0.012783     2.417
   0.84271  0.16741  0.08155  1.14950  0.001926  0.000800  0.013428     2.408
   0.85717  0.15327  0.07856  1.13648  0.001832  0.000763  0.014068     2.400
   0.87144  0.13937  0.07533  1.12147  0.001737  0.000726  0.014759     2.392
   0.88548  0.12576  0.07185  1.10413  0.001643  0.000689  0.015474     2.385
   0.89921  0.11254  0.06815  1.08424  0.001549  0.000651  0.016221     2.378
   0.91255  0.09978  0.06426  1.06157  0.001454  0.000613  0.017036     2.371
   0.92536  0.08762  0.06020  1.03575  0.001361  0.000576  0.017876     2.365
   0.93750  0.07622  0.05606  1.00671  0.001269  0.000538  0.018763     2.358
   0.94879  0.06572  0.05190  0.97441  0.001179  0.000501  0.019663     2.351
   0.95911  0.05625  0.04782  0.93900  0.001092  0.000466  0.020613     2.344
   0.96837  0.04786  0.04389  0.90046  0.001009  0.000432  0.021560     2.336
   0.97657  0.04055  0.04017  0.85901  0.000933  0.000400  0.022380     2.330
   0.98379  0.03423  0.03668  0.81492  0.000860  0.000371  0.023216     2.320
   0.99012  0.02879  0.03343  0.76770  0.000794  0.000344  0.023872     2.312
   0.99570  0.02411  0.03040  0.71740  0.000734  0.000318  0.024276     2.306
   1.00063  0.02008  0.02756  0.66357  0.000677  0.000295  0.024604     2.296
   1.00502  0.01660  0.02489  0.60481  0.000624  0.000273  0.024551     2.285
   1.00896  0.01357  0.02236  0.54122  0.000578  0.000253  0.023763     2.283
   1.01253  0.01095  0.01995  0.47158  0.000530  0.000234  0.022965     2.266
   1.01577  0.00867  0.01764  0.39381  0.000491  0.000217  0.020728     2.265
   1.01874  0.00671  0.01541  0.30717  0.000451  0.000201  0.017936     2.242
   1.02149  0.00502  0.01324  0.21182  0.000419  0.000185  0.013136     2.259
   1.02404  0.00360  0.01113  0.10232  0.000371  0.000167  0.007344     2.230
   1.02642  0.00242  0.00906 -0.01899  0.000371  0.000167  0.001363     2.230
   1.02866  0.00148  0.00703 -0.15179  0.000330  0.000148  0.012355     2.223
   1.03077  0.00077  0.00504 -0.29926  0.000313  0.000141  0.025629     2.223
   1.03277  0.00029  0.00309 -0.45698  0.000296  0.000134  0.041704     2.214
   1.03468  0.00004  0.00120 -0.61835  0.000289  0.000130  0.057212     2.225
   1.03651  0.00001 -0.00064 -0.77985  0.000283  0.000127  0.074241     2.219
   1.03838  0.00020 -0.00249 -0.94455  0.000283  0.000127  0.088691     2.232
   1.04030  0.00065 -0.00436 -1.10295  0.000291  0.000129  0.099593     2.246
   1.04230  0.00137 -0.00623 -1.24120  0.000310  0.000136  0.102281     2.276
   1.04439  0.00239 -0.00805 -1.35168  0.000339  0.000147  0.099060     2.306
   1.04657  0.00369 -0.00980 -1.43035  0.000382  0.000162  0.089028     2.353
   1.04888  0.00527 -0.01148 -1.48047  0.000436  0.000182  0.077011     2.401
   1.05132  0.00712 -0.01307 -1.50826  0.000502  0.000204  0.064530     2.454
   1.05393  0.00925 -0.01459 -1.51928  0.000580  0.000231  0.052751     2.515
   1.05675  0.01167 -0.01603 -1.51867  0.000670  0.000260  0.042523     2.578
   1.05979  0.01438 -0.01741 -1.51021  0.000774  0.000292  0.033877     2.646
   1.06312  0.01744 -0.01873 -1.49608  0.000894  0.000328  0.026415     2.724
   1.06679  0.02087 -0.02000 -1.47833  0.001031  0.000367  0.020331     2.807
   1.07086  0.02476 -0.02123 -1.45797  0.001190  0.000410  0.015176     2.903
   1.07542  0.02916 -0.02242 -1.43581  0.001379  0.000457  0.010840     3.017
   1.08058  0.03419 -0.02357 -1.41244  0.001606  0.000509  0.007161     3.158
   1.08647  0.03998 -0.02467 -1.38855  0.001882  0.000565  0.004137     3.332
   1.09325  0.04667 -0.02572 -1.36483  0.002228  0.000626  0.001687     3.560
   1.10108  0.05445 -0.02670 -1.34217  0.002664  0.000690 -0.000134     3.861
   1.11013  0.06345 -0.02758 -1.32139  0.003217  0.000756 -0.001256     4.253
   1.12048  0.07377 -0.02833 -1.30303  0.003905  0.000824 -0.001700     4.742
   1.13215  0.08543 -0.02891 -1.28777  0.004736  0.000889 -0.001690     5.330
   1.14504  0.09832 -0.02929 -1.27557  0.005698  0.000949 -0.001530     6.003
   1.15896  0.11223 -0.02947 -1.26594  0.006760  0.001005 -0.001374     6.726
   1.17368  0.12696 -0.02945 -1.25827  0.007876  0.001056 -0.001260     7.460
   1.18901  0.14228 -0.02924 -1.25204  0.009001  0.001102 -0.001175     8.165
   1.20480  0.15806 -0.02887 -1.24682  0.010088  0.001146 -0.001109     8.804
   1.22092  0.17418 -0.02837 -1.24231  0.011103  0.001187 -0.001056     9.353
   1.23731  0.19056 -0.02776 -1.23826  0.012008  0.001227 -0.001011     9.785
   1.25391  0.20714 -0.02707 -1.23451  0.012767  0.001267 -0.000973    10.077
   1.27067  0.22389 -0.02630 -1.23092  0.013349  0.001307 -0.000938    10.212
   1.28758  0.24078 -0.02549 -1.22735  0.013709  0.001349 -0.000907    10.162
   1.30460  0.25777 -0.02465 -1.22367  0.013787  0.001393 -0.000879     9.894
   1.32169  0.27484 -0.02379 -1.21970  0.013493  0.001442 -0.000853     9.357
   1.33881  0.29194 -0.02292 -1.17017  0.012924  0.002146 -0.000292     6.023
   1.35590  0.30901 -0.02207 -1.11986  0.012047  0.002926 -0.000093     4.117
   1.37294  0.32603 -0.02124 -1.08208  0.011045  0.003550  0.000869     3.111
   1.38994  0.34301 -0.02043 -1.05812  0.010089  0.003967  0.002046     2.543
   1.40689  0.35994 -0.01967 -1.04393  0.009273  0.004228  0.003099     2.193
   1.42382  0.37686 -0.01894 -1.03620  0.008618  0.004386  0.003990     1.965
   1.44075  0.39378 -0.01827 -1.03268  0.008098  0.004479  0.004738     1.808
   1.45775  0.41076 -0.01762 -1.03186  0.007688  0.004533  0.005366     1.696
   1.47481  0.42781 -0.01697 -1.03141  0.007421  0.004585  0.005825     1.619
   1.49192  0.44491 -0.01629 -1.03096  0.007254  0.004640  0.006149     1.563
   1.50907  0.46204 -0.01560 -1.03023  0.007162  0.004702  0.006363     1.523
   1.52625  0.47921 -0.01490 -1.02923  0.007122  0.004771  0.006495     1.493
   1.54344  0.49639 -0.01420 -1.02793  0.007123  0.004845  0.006563     1.470
   1.56064  0.51357 -0.01350 -1.02639  0.007153  0.004924  0.006584     1.453
   1.57783  0.53074 -0.01280 -1.02470  0.007203  0.005006  0.006573     1.439
   1.59499  0.54790 -0.01211 -1.02293  0.007268  0.005089  0.006538     1.428
   1.61214  0.56503 -0.01143 -1.02104  0.007345  0.005175  0.006486     1.419
   1.62928  0.58215 -0.01076 -1.01912  0.007430  0.005262  0.006434     1.412
   1.64639  0.59926 -0.01011 -1.01724  0.007521  0.005349  0.006436     1.406
   1.66350  0.61635 -0.00947 -1.01541  0.007618  0.005435  0.006425     1.402
   1.68058  0.63342 -0.00885 -1.01372  0.007717  0.005519  0.006407     1.398
   1.69766  0.65049 -0.00825 -1.01209  0.007818  0.005603  0.006382     1.395
   1.71473  0.66755 -0.00768 -1.01057  0.007921  0.005685  0.006353     1.393
   1.73178  0.68459 -0.00712 -1.00915  0.008024  0.005765  0.006321     1.392
   1.74883  0.70164 -0.00659 -1.00787  0.008126  0.005843  0.006288     1.391
   1.76588  0.71867 -0.00608 -1.00671  0.008226  0.005919  0.006255     1.390
   1.78292  0.73570 -0.00560 -1.00567  0.008325  0.005992  0.006222     1.389
   1.79995  0.75273 -0.00514 -1.00479  0.008420  0.006062  0.006191     1.389
   1.81698  0.76976 -0.00471 -1.00402  0.008512  0.006130  0.006161     1.389
   1.83401  0.78678 -0.00431 -1.00342  0.008600  0.006194  0.006134     1.388
   1.85104  0.80381 -0.00393 -1.00300  0.008683  0.006255  0.006110     1.388
   1.86807  0.82084 -0.00357 -1.00275  0.008760  0.006312  0.006090     1.388
   1.88510  0.83786 -0.00324 -1.00267  0.008833  0.006365  0.006073     1.388
   1.90213  0.85489 -0.00294 -1.00286  0.008895  0.006412  0.006064     1.387
   1.91914  0.87190 -0.00266 -1.00321  0.008952  0.006456  0.006057     1.387
   1.93613  0.88889 -0.00241 -1.00388  0.008997  0.006493  0.006060     1.386
   1.95305  0.90581 -0.00218 -1.00485  0.009031  0.006522  0.006070     1.385
   1.96983  0.92258 -0.00197 -1.00622  0.009049  0.006543  0.006092     1.383
   1.98627  0.93902 -0.00179 -1.00805  0.009048  0.006552  0.006127     1.381
   2.00209  0.95483 -0.00163 -1.01047  0.009023  0.006546  0.006181     1.378
   2.01678  0.96953 -0.00150 -1.01352  0.008970  0.006525  0.006255     1.375
   2.02984  0.98258 -0.00139 -1.01736  0.008880  0.006482  0.006357     1.370
   2.04093  0.99368 -0.00131 -1.02164  0.008769  0.006425  0.006476     1.365
   2.04725  1.00000 -0.00126 -1.02880  0.008529  0.006295  0.006708     1.355
   2.04725  1.00010 -0.00001  1.02880  0.065330  0.012052  0.000000     5.421
   2.05356  1.00636 -0.00082  1.02547  0.064500  0.012342  0.000000     5.226
   2.06096  1.01371 -0.00167  1.02072  0.063327  0.012756  0.000000     4.965
   2.06964  1.02233 -0.00262  1.01489  0.061873  0.013264  0.000000     4.665
   2.07981  1.03245 -0.00369  1.00763  0.060105  0.013896  0.000000     4.325
   2.09174  1.04432 -0.00490  0.99841  0.057985  0.014702  0.000000     3.944
   2.10574  1.05825 -0.00626  0.98677  0.055477  0.015725  0.000000     3.528
   2.12215  1.07458 -0.00779  0.97557  0.052454  0.016712  0.000000     3.139
   2.14139  1.09375 -0.00951  0.96513  0.048946  0.017628  0.000000     2.777
   2.16396  1.11623 -0.01146  0.95624  0.045024  0.018397  0.000000     2.447
   2.19042  1.14261 -0.01364  0.94993  0.040831  0.018928  0.000000     2.157
   2.22145  1.17354 -0.01610  0.94703  0.036591  0.019163  0.000000     1.909
   2.25784  1.20983 -0.01886  0.94778  0.032568  0.019105  0.000000     1.705
   2.30052  1.25239 -0.02196  0.95167  0.028994  0.018824  0.000000     1.540
   2.35057  1.30232 -0.02544  0.95755  0.026001  0.018426  0.000000     1.411
   2.40926  1.36088 -0.02933  0.96416  0.023603  0.018004  0.000000     1.311
   2.47809  1.42957 -0.03370  0.97057  0.021734  0.017618  0.000000     1.234
   2.55880  1.51013 -0.03859  0.97628  0.020301  0.017290  0.000000     1.174
   2.65345  1.60462 -0.04408  0.98114  0.019212  0.017021  0.000000     1.129
   2.76445  1.71545 -0.05023  0.98517  0.018394  0.016806  0.000000     1.095
   2.89461  1.84543 -0.05712  0.98844  0.017786  0.016635  0.000000     1.069
   3.04725  1.99788 -0.06487  0.99224  0.017272  0.016441  0.000000     1.051
