NACA 4412                                       
 Alfa =  13.40000 Re =    20000.000 Xflap,Yflap =     0.000000    0.000000
#    x        y        Cp  
   1.00000  0.00126 -0.42826
   0.99392  0.00292 -0.43050
   0.98333  0.00577 -0.43448
   0.97098  0.00904 -0.43923
   0.95718  0.01262 -0.44469
   0.94237  0.01638 -0.45077
   0.92696  0.02021 -0.45734
   0.91123  0.02403 -0.46437
   0.89533  0.02780 -0.47191
   0.87933  0.03149 -0.47988
   0.86327  0.03511 -0.48832
   0.84718  0.03864 -0.49727
   0.83106  0.04208 -0.50681
   0.81492  0.04544 -0.51703
   0.79875  0.04870 -0.52806
   0.78258  0.05188 -0.54007
   0.76638  0.05496 -0.55331
   0.75017  0.05796 -0.56808
   0.73395  0.06086 -0.58504
   0.71772  0.06368 -0.60564
   0.70148  0.06640 -0.63455
   0.68523  0.06902 -0.64620
   0.66898  0.07155 -0.64659
   0.65272  0.07398 -0.64697
   0.63645  0.07632 -0.64735
   0.62019  0.07855 -0.64772
   0.60392  0.08069 -0.64809
   0.58766  0.08272 -0.64846
   0.57140  0.08465 -0.64882
   0.55514  0.08647 -0.64917
   0.53889  0.08818 -0.64952
   0.52265  0.08978 -0.64986
   0.50642  0.09127 -0.65019
   0.49021  0.09264 -0.65052
   0.47402  0.09390 -0.65083
   0.45785  0.09503 -0.65114
   0.44172  0.09603 -0.65143
   0.42564  0.09690 -0.65171
   0.40965  0.09765 -0.65198
   0.39382  0.09824 -0.65222
   0.37817  0.09865 -0.65247
   0.36263  0.09885 -0.65274
   0.34716  0.09884 -0.65303
   0.33174  0.09863 -0.65337
   0.31639  0.09821 -0.65376
   0.30109  0.09757 -0.65422
   0.28586  0.09672 -0.65477
   0.27069  0.09564 -0.65544
   0.25561  0.09433 -0.65628
   0.24061  0.09280 -0.65732
   0.22571  0.09103 -0.65865
   0.21092  0.08902 -0.66035
   0.19626  0.08678 -0.66257
   0.18175  0.08429 -0.66548
   0.16741  0.08155 -0.66936
   0.15327  0.07856 -0.67459
   0.13937  0.07533 -0.68168
   0.12576  0.07185 -0.69136
   0.11254  0.06815 -0.70464
   0.09978  0.06426 -0.72283
   0.08762  0.06020 -0.74764
   0.07622  0.05606 -0.78080
   0.06572  0.05190 -0.82332
   0.05625  0.04782 -0.87412
   0.04786  0.04389 -0.93190
   0.04055  0.04017 -0.99419
   0.03423  0.03668 -1.05791
   0.02879  0.03343 -1.12062
   0.02411  0.03040 -1.18063
   0.02008  0.02756 -1.23666
   0.01660  0.02489 -1.28771
   0.01357  0.02236 -1.33237
   0.01095  0.01995 -1.37001
   0.00867  0.01764 -1.39654
   0.00671  0.01541 -1.41044
   0.00502  0.01324 -1.40658
   0.00360  0.01113 -1.37907
   0.00242  0.00906 -1.32111
   0.00148  0.00703 -1.22496
   0.00077  0.00504 -1.08436
   0.00029  0.00309 -0.89652
   0.00004  0.00120 -0.66774
   0.00001 -0.00064 -0.41195
   0.00020 -0.00249 -0.12792
   0.00065 -0.00436  0.16727
   0.00137 -0.00623  0.44417
   0.00239 -0.00805  0.67496
   0.00369 -0.00980  0.83808
   0.00527 -0.01148  0.94043
   0.00712 -0.01307  0.98858
   0.00925 -0.01459  0.99978
   0.01167 -0.01603  0.98498
   0.01438 -0.01741  0.95428
   0.01744 -0.01873  0.91402
   0.02087 -0.02000  0.86842
   0.02476 -0.02123  0.81951
   0.02916 -0.02242  0.77025
   0.03419 -0.02357  0.72099
   0.03998 -0.02467  0.67241
   0.04667 -0.02572  0.62501
   0.05445 -0.02670  0.57980
   0.06345 -0.02758  0.53699
   0.07377 -0.02833  0.49722
   0.08543 -0.02891  0.46116
   0.09832 -0.02929  0.42930
   0.11223 -0.02947  0.40148
   0.12696 -0.02945  0.37773
   0.14228 -0.02924  0.35757
   0.15806 -0.02887  0.34011
   0.17418 -0.02837  0.32522
   0.19056 -0.02776  0.31219
   0.20714 -0.02707  0.30073
   0.22389 -0.02630  0.29049
   0.24078 -0.02549  0.28114
   0.25777 -0.02465  0.27246
   0.27484 -0.02379  0.26433
   0.29194 -0.02292  0.25638
   0.30901 -0.02207  0.24868
   0.32603 -0.02124  0.24098
   0.34301 -0.02043  0.23304
   0.35994 -0.01967  0.22481
   0.37686 -0.01894  0.21597
   0.39378 -0.01827  0.20623
   0.41076 -0.01762  0.19529
   0.42781 -0.01697  0.18476
   0.44491 -0.01629  0.17460
   0.46204 -0.01560  0.16499
   0.47921 -0.01490  0.15569
   0.49639 -0.01420  0.14673
   0.51357 -0.01350  0.13811
   0.53074 -0.01280  0.12964
   0.54790 -0.01211  0.12124
   0.56503 -0.01143  0.11290
   0.58215 -0.01076  0.10455
   0.59926 -0.01011  0.09607
   0.61635 -0.00947  0.08750
   0.63342 -0.00885  0.07863
   0.65049 -0.00825  0.06956
   0.66755 -0.00768  0.06015
   0.68459 -0.00712  0.05034
   0.70164 -0.00659  0.04016
   0.71867 -0.00608  0.02940
   0.73570 -0.00560  0.01815
   0.75273 -0.00514  0.00622
   0.76976 -0.00471 -0.00635
   0.78678 -0.00431 -0.01981
   0.80381 -0.00393 -0.03409
   0.82084 -0.00357 -0.04953
   0.83786 -0.00324 -0.06612
   0.85489 -0.00294 -0.08425
   0.87190 -0.00266 -0.10397
   0.88889 -0.00241 -0.12566
   0.90581 -0.00218 -0.14991
   0.92258 -0.00197 -0.17705
   0.93902 -0.00179 -0.20774
   0.95483 -0.00163 -0.24260
   0.96953 -0.00150 -0.28170
   0.98258 -0.00139 -0.32602
   0.99368 -0.00131 -0.37465
   1.00000 -0.00126 -0.42826
