NACA 4412                                       
 Alfa =  18.60000 Re =    20000.000 Xflap,Yflap =     0.000000    0.000000
#    x        y        Cp  
   1.00000  0.00126 -0.57546
   0.99392  0.00292 -0.57697
   0.98333  0.00577 -0.57963
   0.97098  0.00904 -0.58277
   0.95718  0.01262 -0.58634
   0.94237  0.01638 -0.59024
   0.92696  0.02021 -0.59440
   0.91123  0.02403 -0.59875
   0.89533  0.02780 -0.60325
   0.87933  0.03149 -0.60791
   0.86327  0.03511 -0.61272
   0.84718  0.03864 -0.61768
   0.83106  0.04208 -0.62280
   0.81492  0.04544 -0.62809
   0.79875  0.04870 -0.63356
   0.78258  0.05188 -0.63923
   0.76638  0.05496 -0.64511
   0.75017  0.05796 -0.65122
   0.73395  0.06086 -0.65757
   0.71772  0.06368 -0.66418
   0.70148  0.06640 -0.67108
   0.68523  0.06902 -0.67829
   0.66898  0.07155 -0.68585
   0.65272  0.07398 -0.69378
   0.63645  0.07632 -0.70218
   0.62019  0.07855 -0.71115
   0.60392  0.08069 -0.72066
   0.58766  0.08272 -0.73077
   0.57140  0.08465 -0.74157
   0.55514  0.08647 -0.75317
   0.53889  0.08818 -0.76570
   0.52265  0.08978 -0.77936
   0.50642  0.09127 -0.79439
   0.49021  0.09264 -0.81118
   0.47402  0.09390 -0.83015
   0.45785  0.09503 -0.85243
   0.44172  0.09603 -0.88039
   0.42564  0.09690 -0.92515
   0.40965  0.09765 -0.93244
   0.39382  0.09824 -0.93319
   0.37817  0.09865 -0.93396
   0.36263  0.09885 -0.93475
   0.34716  0.09884 -0.93557
   0.33174  0.09863 -0.93642
   0.31639  0.09821 -0.93731
   0.30109  0.09757 -0.93825
   0.28586  0.09672 -0.93924
   0.27069  0.09564 -0.94028
   0.25561  0.09433 -0.94140
   0.24061  0.09280 -0.94258
   0.22571  0.09103 -0.94386
   0.21092  0.08902 -0.94523
   0.19626  0.08678 -0.94671
   0.18175  0.08429 -0.94833
   0.16741  0.08155 -0.95011
   0.15327  0.07856 -0.95209
   0.13937  0.07533 -0.95429
   0.12576  0.07185 -0.95679
   0.11254  0.06815 -0.95965
   0.09978  0.06426 -0.96297
   0.08762  0.06020 -0.96689
   0.07622  0.05606 -0.97160
   0.06572  0.05190 -0.97734
   0.05625  0.04782 -0.98442
   0.04786  0.04389 -0.99333
   0.04055  0.04017 -1.00461
   0.03423  0.03668 -1.01902
   0.02879  0.03343 -1.03746
   0.02411  0.03040 -1.06114
   0.02008  0.02756 -1.09172
   0.01660  0.02489 -1.13122
   0.01357  0.02236 -1.18178
   0.01095  0.01995 -1.24397
   0.00867  0.01764 -1.31799
   0.00671  0.01541 -1.40278
   0.00502  0.01324 -1.49215
   0.00360  0.01113 -1.57586
   0.00242  0.00906 -1.64030
   0.00148  0.00703 -1.67067
   0.00077  0.00504 -1.64879
   0.00029  0.00309 -1.56570
   0.00004  0.00120 -1.41428
   0.00001 -0.00064 -1.20310
   0.00020 -0.00249 -0.92291
   0.00065 -0.00436 -0.58968
   0.00137 -0.00623 -0.22819
   0.00239 -0.00805  0.11746
   0.00369 -0.00980  0.40875
   0.00527 -0.01148  0.63620
   0.00712 -0.01307  0.79596
   0.00925 -0.01459  0.89998
   0.01167 -0.01603  0.96232
   0.01438 -0.01741  0.99197
   0.01744 -0.01873  0.99993
   0.02087 -0.02000  0.99123
   0.02476 -0.02123  0.97176
   0.02916 -0.02242  0.94374
   0.03419 -0.02357  0.91004
   0.03998 -0.02467  0.87222
   0.04667 -0.02572  0.83168
   0.05445 -0.02670  0.78913
   0.06345 -0.02758  0.74611
   0.07377 -0.02833  0.70379
   0.08543 -0.02891  0.66290
   0.09832 -0.02929  0.62507
   0.11223 -0.02947  0.59018
   0.12696 -0.02945  0.55902
   0.14228 -0.02924  0.53134
   0.15806 -0.02887  0.50645
   0.17418 -0.02837  0.48448
   0.19056 -0.02776  0.46459
   0.20714 -0.02707  0.44659
   0.22389 -0.02630  0.43006
   0.24078 -0.02549  0.41479
   0.25777 -0.02465  0.40060
   0.27484 -0.02379  0.38707
   0.29194 -0.02292  0.37405
   0.30901 -0.02207  0.36151
   0.32603 -0.02124  0.34927
   0.34301 -0.02043  0.33700
   0.35994 -0.01967  0.32456
   0.37686 -0.01894  0.31177
   0.39378 -0.01827  0.29806
   0.41076 -0.01762  0.28316
   0.42781 -0.01697  0.26875
   0.44491 -0.01629  0.25484
   0.46204 -0.01560  0.24150
   0.47921 -0.01490  0.22855
   0.49639 -0.01420  0.21589
   0.51357 -0.01350  0.20366
   0.53074 -0.01280  0.19159
   0.54790 -0.01211  0.17954
   0.56503 -0.01143  0.16757
   0.58215 -0.01076  0.15555
   0.59926 -0.01011  0.14332
   0.61635 -0.00947  0.13100
   0.63342 -0.00885  0.11830
   0.65049 -0.00825  0.10534
   0.66755 -0.00768  0.09197
   0.68459 -0.00712  0.07812
   0.70164 -0.00659  0.06381
   0.71867 -0.00608  0.04879
   0.73570 -0.00560  0.03315
   0.75273 -0.00514  0.01661
   0.76976 -0.00471 -0.00064
   0.78678 -0.00431 -0.01908
   0.80381 -0.00393 -0.03855
   0.82084 -0.00357 -0.05947
   0.83786 -0.00324 -0.08190
   0.85489 -0.00294 -0.10626
   0.87190 -0.00266 -0.13273
   0.88889 -0.00241 -0.16176
   0.90581 -0.00218 -0.19413
   0.92258 -0.00197 -0.23034
   0.93902 -0.00179 -0.27128
   0.95483 -0.00163 -0.31781
   0.96953 -0.00150 -0.37036
   0.98258 -0.00139 -0.43058
   0.99368 -0.00131 -0.49792
   1.00000 -0.00126 -0.57546
