NACA 4412                                       
 Alfa =  25.80000 Re =    20000.000 Xflap,Yflap =     0.000000    0.000000
#    x        y        Cp  
   1.00000  0.00126 -0.83337
   0.99392  0.00292 -0.83462
   0.98333  0.00577 -0.83681
   0.97098  0.00904 -0.83938
   0.95718  0.01262 -0.84228
   0.94237  0.01638 -0.84543
   0.92696  0.02021 -0.84877
   0.91123  0.02403 -0.85223
   0.89533  0.02780 -0.85579
   0.87933  0.03149 -0.85943
   0.86327  0.03511 -0.86317
   0.84718  0.03864 -0.86699
   0.83106  0.04208 -0.87090
   0.81492  0.04544 -0.87490
   0.79875  0.04870 -0.87900
   0.78258  0.05188 -0.88320
   0.76638  0.05496 -0.88751
   0.75017  0.05796 -0.89193
   0.73395  0.06086 -0.89648
   0.71772  0.06368 -0.90116
   0.70148  0.06640 -0.90597
   0.68523  0.06902 -0.91093
   0.66898  0.07155 -0.91604
   0.65272  0.07398 -0.92132
   0.63645  0.07632 -0.92678
   0.62019  0.07855 -0.93243
   0.60392  0.08069 -0.93828
   0.58766  0.08272 -0.94435
   0.57140  0.08465 -0.95067
   0.55514  0.08647 -0.95724
   0.53889  0.08818 -0.96409
   0.52265  0.08978 -0.97125
   0.50642  0.09127 -0.97874
   0.49021  0.09264 -0.98661
   0.47402  0.09390 -0.99488
   0.45785  0.09503 -1.00363
   0.44172  0.09603 -1.01303
   0.42564  0.09690 -1.02299
   0.40965  0.09765 -1.03358
   0.39382  0.09824 -1.04482
   0.37817  0.09865 -1.05681
   0.36263  0.09885 -1.06974
   0.34716  0.09884 -1.08382
   0.33174  0.09863 -1.09930
   0.31639  0.09821 -1.11652
   0.30109  0.09757 -1.13594
   0.28586  0.09672 -1.15817
   0.27069  0.09564 -1.18473
   0.25561  0.09433 -1.21872
   0.24061  0.09280 -1.27715
   0.22571  0.09103 -1.28682
   0.21092  0.08902 -1.28833
   0.19626  0.08678 -1.28995
   0.18175  0.08429 -1.29169
   0.16741  0.08155 -1.29358
   0.15327  0.07856 -1.29562
   0.13937  0.07533 -1.29783
   0.12576  0.07185 -1.30024
   0.11254  0.06815 -1.30285
   0.09978  0.06426 -1.30565
   0.08762  0.06020 -1.30866
   0.07622  0.05606 -1.31184
   0.06572  0.05190 -1.31516
   0.05625  0.04782 -1.31857
   0.04786  0.04389 -1.32205
   0.04055  0.04017 -1.32562
   0.03423  0.03668 -1.32930
   0.02879  0.03343 -1.33321
   0.02411  0.03040 -1.33753
   0.02008  0.02756 -1.34252
   0.01660  0.02489 -1.34858
   0.01357  0.02236 -1.35630
   0.01095  0.01995 -1.36655
   0.00867  0.01764 -1.38075
   0.00671  0.01541 -1.40085
   0.00502  0.01324 -1.43012
   0.00360  0.01113 -1.47349
   0.00242  0.00906 -1.53734
   0.00148  0.00703 -1.62450
   0.00077  0.00504 -1.73584
   0.00029  0.00309 -1.84889
   0.00004  0.00120 -1.92175
   0.00001 -0.00064 -1.92026
   0.00020 -0.00249 -1.81079
   0.00065 -0.00436 -1.57639
   0.00137 -0.00623 -1.23853
   0.00239 -0.00805 -0.83332
   0.00369 -0.00980 -0.42831
   0.00527 -0.01148 -0.06619
   0.00712 -0.01307  0.23136
   0.00925 -0.01459  0.46999
   0.01167 -0.01603  0.64799
   0.01438 -0.01741  0.77698
   0.01744 -0.01873  0.86944
   0.02087 -0.02000  0.93198
   0.02476 -0.02123  0.97198
   0.02916 -0.02242  0.99340
   0.03419 -0.02357  0.99997
   0.03998 -0.02467  0.99525
   0.04667 -0.02572  0.98071
   0.05445 -0.02670  0.95904
   0.06345 -0.02758  0.93092
   0.07377 -0.02833  0.89879
   0.08543 -0.02891  0.86413
   0.09832 -0.02929  0.82867
   0.11223 -0.02947  0.79391
   0.12696 -0.02945  0.76082
   0.14228 -0.02924  0.72965
   0.15806 -0.02887  0.70077
   0.17418 -0.02837  0.67379
   0.19056 -0.02776  0.64893
   0.20714 -0.02707  0.62552
   0.22389 -0.02630  0.60399
   0.24078 -0.02549  0.58335
   0.25777 -0.02465  0.56391
   0.27484 -0.02379  0.54542
   0.29194 -0.02292  0.52734
   0.30901 -0.02207  0.51020
   0.32603 -0.02124  0.49318
   0.34301 -0.02043  0.47638
   0.35994 -0.01967  0.45961
   0.37686 -0.01894  0.44256
   0.39378 -0.01827  0.42473
   0.41076 -0.01762  0.40569
   0.42781 -0.01697  0.38705
   0.44491 -0.01629  0.36897
   0.46204 -0.01560  0.35137
   0.47921 -0.01490  0.33405
   0.49639 -0.01420  0.31725
   0.51357 -0.01350  0.30053
   0.53074 -0.01280  0.28402
   0.54790 -0.01211  0.26742
   0.56503 -0.01143  0.25075
   0.58215 -0.01076  0.23395
   0.59926 -0.01011  0.21689
   0.61635 -0.00947  0.19955
   0.63342 -0.00885  0.18182
   0.65049 -0.00825  0.16360
   0.66755 -0.00768  0.14490
   0.68459 -0.00712  0.12547
   0.70164 -0.00659  0.10529
   0.71867 -0.00608  0.08442
   0.73570 -0.00560  0.06239
   0.75273 -0.00514  0.03941
   0.76976 -0.00471  0.01515
   0.78678 -0.00431 -0.01060
   0.80381 -0.00393 -0.03771
   0.82084 -0.00357 -0.06700
   0.83786 -0.00324 -0.09836
   0.85489 -0.00294 -0.13255
   0.87190 -0.00266 -0.16970
   0.88889 -0.00241 -0.21059
   0.90581 -0.00218 -0.25643
   0.92258 -0.00197 -0.30787
   0.93902 -0.00179 -0.36636
   0.95483 -0.00163 -0.43353
   0.96953 -0.00150 -0.51054
   0.98258 -0.00139 -0.60056
   0.99368 -0.00131 -0.70470
   1.00000 -0.00126 -0.83337
