#    s        x        y     Ue/Vinf    Dstar     Theta      Cf       H
   0.00000  1.00000  0.00126  1.01944  0.051214  0.007678 -0.000145     6.670
   0.00630  0.99392  0.00292  1.02429  0.050583  0.007365 -0.000151     6.868
   0.01727  0.98333  0.00577  1.03319  0.049413  0.006811 -0.000162     7.255
   0.03004  0.97098  0.00904  1.04443  0.048074  0.006143 -0.000178     7.825
   0.04430  0.95718  0.01262  1.05837  0.046604  0.005364 -0.000202     8.689
   0.05958  0.94237  0.01638  1.07520  0.045040  0.004484 -0.000239    10.044
   0.07546  0.92696  0.02021  1.09572  0.043364  0.003493 -0.000264    12.413
   0.09164  0.91123  0.02403  1.12076  0.041509  0.002389 -0.000447    17.372
   0.10799  0.89533  0.02780  1.12099  0.040249  0.002383 -0.000449    16.892
   0.12441  0.87933  0.03149  1.12120  0.038838  0.002378 -0.000451    16.335
   0.14087  0.86327  0.03511  1.12139  0.037337  0.002373 -0.000453    15.733
   0.15734  0.84718  0.03864  1.12158  0.035776  0.002369 -0.000455    15.101
   0.17383  0.83106  0.04208  1.12178  0.034178  0.002365 -0.000457    14.451
   0.19032  0.81492  0.04544  1.12199  0.032559  0.002361 -0.000460    13.792
   0.20680  0.79875  0.04870  1.12223  0.030932  0.002356 -0.000463    13.129
   0.22329  0.78258  0.05188  1.12250  0.029305  0.002351 -0.000466    12.466
   0.23978  0.76638  0.05496  1.12282  0.027687  0.002345 -0.000470    11.809
   0.25626  0.75017  0.05796  1.12319  0.026085  0.002337 -0.000474    11.161
   0.27274  0.73395  0.06086  1.12362  0.024509  0.002329 -0.000479    10.525
   0.28921  0.71772  0.06368  1.12415  0.022961  0.002318 -0.000485     9.904
   0.30568  0.70148  0.06640  1.12478  0.021450  0.002307 -0.000493     9.300
   0.32214  0.68523  0.06902  1.12554  0.019979  0.002293 -0.000501     8.714
   0.33859  0.66898  0.07155  1.12646  0.018557  0.002277 -0.000512     8.151
   0.35503  0.65272  0.07398  1.12757  0.017184  0.002258 -0.000525     7.611
   0.37146  0.63645  0.07632  1.12891  0.015870  0.002236 -0.000541     7.096
   0.38788  0.62019  0.07855  1.13052  0.014615  0.002212 -0.000561     6.608
   0.40429  0.60392  0.08069  1.13246  0.013429  0.002184 -0.000585     6.149
   0.42068  0.58766  0.08272  1.13479  0.012311  0.002152 -0.000611     5.720
   0.43705  0.57140  0.08465  1.13758  0.011269  0.002117 -0.000626     5.323
   0.45341  0.55514  0.08647  1.14088  0.010301  0.002077 -0.000623     4.958
   0.46975  0.53889  0.08818  1.14476  0.009412  0.002034 -0.000576     4.628
   0.48606  0.52265  0.08978  1.14923  0.008600  0.001986 -0.000464     4.330
   0.50236  0.50642  0.09127  1.15423  0.007866  0.001936 -0.000272     4.063
   0.51863  0.49021  0.09264  1.15979  0.007205  0.001882  0.000004     3.828
   0.53487  0.47402  0.09390  1.16595  0.006614  0.001825  0.000360     3.624
   0.55108  0.45785  0.09503  1.17268  0.006083  0.001764  0.000789     3.448
   0.56725  0.44172  0.09603  1.17987  0.005608  0.001702  0.001285     3.296
   0.58335  0.42564  0.09690  1.18740  0.005176  0.001637  0.001852     3.162
   0.59935  0.40965  0.09765  1.19513  0.004777  0.001572  0.002510     3.040
   0.61519  0.39382  0.09824  1.20300  0.004393  0.001505  0.003319     2.918
   0.63085  0.37817  0.09865  1.21021  0.004073  0.001443  0.004118     2.824
   0.64639  0.36263  0.09885  1.21652  0.003805  0.001384  0.004882     2.750
   0.66187  0.34716  0.09884  1.22186  0.003575  0.001328  0.005615     2.692
   0.67728  0.33174  0.09863  1.22612  0.003377  0.001277  0.006307     2.645
   0.69264  0.31639  0.09821  1.22939  0.003199  0.001227  0.006984     2.606
   0.70795  0.30109  0.09757  1.23156  0.003040  0.001181  0.007635     2.575
   0.72321  0.28586  0.09672  1.23264  0.002895  0.001136  0.008263     2.548
   0.73841  0.27069  0.09564  1.23268  0.002760  0.001093  0.008891     2.525
   0.75355  0.25561  0.09433  1.23159  0.002634  0.001051  0.009506     2.505
   0.76863  0.24061  0.09280  1.22937  0.002515  0.001011  0.010125     2.488
   0.78363  0.22571  0.09103  1.22593  0.002403  0.000972  0.010731     2.473
   0.79855  0.21092  0.08902  1.22129  0.002294  0.000933  0.011360     2.460
   0.81339  0.19626  0.08678  1.21531  0.002189  0.000894  0.012000     2.447
   0.82811  0.18175  0.08429  1.20785  0.002088  0.000856  0.012633     2.438
   0.84271  0.16741  0.08155  1.19895  0.001987  0.000819  0.013315     2.427
   0.85717  0.15327  0.07856  1.18830  0.001889  0.000781  0.014003     2.419
   0.87144  0.13937  0.07533  1.17585  0.001790  0.000743  0.014742     2.410
   0.88548  0.12576  0.07185  1.16131  0.001694  0.000705  0.015504     2.403
   0.89921  0.11254  0.06815  1.14454  0.001597  0.000666  0.016330     2.396
   0.91255  0.09978  0.06426  1.12525  0.001500  0.000628  0.017194     2.389
   0.92536  0.08762  0.06020  1.10333  0.001404  0.000589  0.018135     2.382
   0.93750  0.07622  0.05606  1.07856  0.001309  0.000551  0.019146     2.375
   0.94879  0.06572  0.05190  1.05090  0.001216  0.000514  0.020210     2.369
   0.95911  0.05625  0.04782  1.02047  0.001128  0.000477  0.021305     2.362
   0.96837  0.04786  0.04389  0.98746  0.001042  0.000443  0.022474     2.354
   0.97657  0.04055  0.04017  0.95184  0.000963  0.000410  0.023628     2.347
   0.98379  0.03423  0.03668  0.91365  0.000889  0.000380  0.024784     2.338
   0.99012  0.02879  0.03343  0.87284  0.000822  0.000352  0.025727     2.333
   0.99570  0.02411  0.03040  0.82939  0.000757  0.000326  0.026847     2.321
   1.00063  0.02008  0.02756  0.78219  0.000700  0.000302  0.027517     2.315
   1.00502  0.01660  0.02489  0.73118  0.000644  0.000280  0.028310     2.302
   1.00896  0.01357  0.02236  0.67499  0.000596  0.000259  0.028377     2.297
   1.01253  0.01095  0.01995  0.61335  0.000547  0.000240  0.028443     2.283
   1.01577  0.00867  0.01764  0.54458  0.000506  0.000222  0.027400     2.280
   1.01874  0.00671  0.01541  0.46727  0.000463  0.000205  0.026201     2.259
   1.02149  0.00502  0.01324  0.38048  0.000430  0.000190  0.022778     2.267
   1.02404  0.00360  0.01113  0.28206  0.000391  0.000175  0.019130     2.235
   1.02642  0.00242  0.00906  0.17081  0.000370  0.000165  0.012115     2.247
   1.02866  0.00148  0.00703  0.04595  0.000327  0.000147  0.003743     2.230
   1.03077  0.00077  0.00504 -0.09264  0.000327  0.000147  0.007546     2.230
   1.03277  0.00029  0.00309 -0.24062  0.000300  0.000136  0.021661     2.215
   1.03468  0.00004  0.00120 -0.39719  0.000292  0.000131  0.036232     2.230
   1.03651  0.00001 -0.00064 -0.55539  0.000284  0.000128  0.052638     2.219
   1.03838  0.00020 -0.00249 -0.71926  0.000284  0.000127  0.067396     2.232
   1.04030  0.00065 -0.00436 -0.87978  0.000290  0.000129  0.080109     2.241
   1.04230  0.00137 -0.00623 -1.02479  0.000307  0.000135  0.086231     2.265
   1.04439  0.00239 -0.00805 -1.14646  0.000332  0.000145  0.087380     2.287
   1.04657  0.00369 -0.00980 -1.23814  0.000371  0.000159  0.081076     2.329
   1.04888  0.00527 -0.01148 -1.30226  0.000420  0.000178  0.072862     2.365
   1.05132  0.00712 -0.01307 -1.34466  0.000478  0.000199  0.063500     2.405
   1.05393  0.00925 -0.01459 -1.37023  0.000545  0.000223  0.054232     2.448
   1.05675  0.01167 -0.01603 -1.38309  0.000624  0.000250  0.045559     2.496
   1.05979  0.01438 -0.01741 -1.38715  0.000710  0.000280  0.038162     2.542
   1.06312  0.01744 -0.01873 -1.38501  0.000807  0.000312  0.031816     2.589
   1.06679  0.02087 -0.02000 -1.37814  0.000917  0.000347  0.026276     2.640
   1.07086  0.02476 -0.02123 -1.36806  0.001037  0.000386  0.021707     2.690
   1.07542  0.02916 -0.02242 -1.35560  0.001172  0.000427  0.017859     2.742
   1.08058  0.03419 -0.02357 -1.34098  0.001326  0.000473  0.014441     2.801
   1.08647  0.03998 -0.02467 -1.32486  0.001499  0.000524  0.011628     2.861
   1.09325  0.04667 -0.02572 -1.30743  0.001698  0.000580  0.009210     2.927
   1.10108  0.05445 -0.02670 -1.28883  0.001930  0.000642  0.007098     3.004
   1.11013  0.06345 -0.02758 -1.26946  0.002198  0.000711  0.005314     3.091
   1.12048  0.07377 -0.02833 -1.24979  0.002505  0.000786  0.003833     3.188
   1.13215  0.08543 -0.02891 -1.23025  0.002862  0.000866  0.002577     3.304
   1.14504  0.09832 -0.02929 -1.21150  0.003265  0.000950  0.001568     3.437
   1.15896  0.11223 -0.02947 -1.19404  0.003716  0.001035  0.000773     3.591
   1.17368  0.12696 -0.02945 -1.17821  0.004211  0.001119  0.000173     3.764
   1.18901  0.14228 -0.02924 -1.16413  0.004745  0.001200 -0.000254     3.954
   1.20480  0.15806 -0.02887 -1.15174  0.005307  0.001278 -0.000534     4.153
   1.22092  0.17418 -0.02837 -1.14085  0.005896  0.001352 -0.000702     4.360
   1.23731  0.19056 -0.02776 -1.13129  0.006496  0.001423 -0.000786     4.565
   1.25391  0.20714 -0.02707 -1.12292  0.007101  0.001490 -0.000817     4.766
   1.27067  0.22389 -0.02630 -1.11556  0.007701  0.001553 -0.000815     4.959
   1.28758  0.24078 -0.02549 -1.10902  0.008284  0.001613 -0.000796     5.136
   1.30460  0.25777 -0.02465 -1.10316  0.008840  0.001670 -0.000769     5.293
   1.32169  0.27484 -0.02379 -1.09785  0.009360  0.001725 -0.000742     5.425
   1.33881  0.29194 -0.02292 -1.09299  0.009830  0.001778 -0.000717     5.528
   1.35590  0.30901 -0.02207 -1.08848  0.010245  0.001830 -0.000693     5.600
   1.37294  0.32603 -0.02124 -1.08426  0.010597  0.001879 -0.000671     5.638
   1.38994  0.34301 -0.02043 -1.08026  0.010876  0.001929 -0.000651     5.640
   1.40689  0.35994 -0.01967 -1.07641  0.011080  0.001977 -0.000634     5.605
   1.42382  0.37686 -0.01894 -1.07267  0.011204  0.002025 -0.000618     5.533
   1.44075  0.39378 -0.01827 -1.06899  0.011240  0.002073 -0.000602     5.422
   1.45775  0.41076 -0.01762 -1.06533  0.011191  0.002122 -0.000585     5.275
   1.47481  0.42781 -0.01697 -1.06170  0.011131  0.002170 -0.000566     5.129
   1.49192  0.44491 -0.01629 -1.05810  0.011048  0.002218 -0.000543     4.980
   1.50907  0.46204 -0.01560 -1.05453  0.010939  0.002267 -0.000513     4.826
   1.52625  0.47921 -0.01490 -1.05099  0.010797  0.002315 -0.000473     4.664
   1.54344  0.49639 -0.01420 -1.04748  0.010616  0.002363 -0.000417     4.493
   1.56064  0.51357 -0.01350 -1.04403  0.010393  0.002410 -0.000340     4.312
   1.57783  0.53074 -0.01280 -1.04061  0.010108  0.002457 -0.000226     4.113
   1.59499  0.54790 -0.01211 -1.03544  0.009749  0.002531  0.000028     3.852
   1.61214  0.56503 -0.01143 -1.02350  0.009318  0.002704  0.000453     3.446
   1.62928  0.58215 -0.01076 -1.01239  0.008844  0.002870  0.001070     3.081
   1.64639  0.59926 -0.01011 -1.00289  0.008374  0.003019  0.001774     2.774
   1.66350  0.61635 -0.00947 -0.99536  0.007941  0.003145  0.002496     2.525
   1.68058  0.63342 -0.00885 -0.98983  0.007563  0.003249  0.003185     2.328
   1.69766  0.65049 -0.00825 -0.98602  0.007250  0.003333  0.003804     2.175
   1.71473  0.66755 -0.00768 -0.98353  0.007002  0.003404  0.004337     2.057
   1.73178  0.68459 -0.00712 -0.98198  0.006813  0.003466  0.004780     1.966
   1.74883  0.70164 -0.00659 -0.98111  0.006675  0.003522  0.005135     1.895
   1.76588  0.71867 -0.00608 -0.98070  0.006579  0.003574  0.005415     1.841
   1.78292  0.73570 -0.00560 -0.98059  0.006518  0.003625  0.005627     1.798
   1.79995  0.75273 -0.00514 -0.98069  0.006483  0.003674  0.005787     1.765
   1.81698  0.76976 -0.00471 -0.98092  0.006469  0.003722  0.005903     1.738
   1.83401  0.78678 -0.00431 -0.98129  0.006470  0.003770  0.005986     1.716
   1.85104  0.80381 -0.00393 -0.98177  0.006482  0.003816  0.006045     1.699
   1.86807  0.82084 -0.00357 -0.98238  0.006501  0.003861  0.006087     1.684
   1.88510  0.83786 -0.00324 -0.98310  0.006526  0.003904  0.006115     1.671
   1.90213  0.85489 -0.00294 -0.98406  0.006549  0.003944  0.006141     1.660
   1.91914  0.87190 -0.00266 -0.98512  0.006574  0.003982  0.006159     1.651
   1.93613  0.88889 -0.00241 -0.98647  0.006595  0.004016  0.006182     1.642
   1.95305  0.90581 -0.00218 -0.98810  0.006608  0.004046  0.006211     1.633
   1.96983  0.92258 -0.00197 -0.99015  0.006611  0.004069  0.006254     1.625
   1.98627  0.93902 -0.00179 -0.99270  0.006598  0.004084  0.006316     1.616
   2.00209  0.95483 -0.00163 -0.99588  0.006564  0.004087  0.006406     1.606
   2.01678  0.96953 -0.00150 -0.99982  0.006503  0.004077  0.006532     1.595
   2.02984  0.98258 -0.00139 -1.00477  0.006405  0.004048  0.006714     1.582
   2.04093  0.99368 -0.00131 -1.01050  0.006279  0.004003  0.006942     1.568
   2.04725  1.00000 -0.00126 -1.01944  0.006027  0.003902  0.007393     1.545
   2.04725  1.00010 -0.00001  1.01944  0.059716  0.011579  0.000000     5.157
   2.05356  1.00636 -0.00082  1.01460  0.058821  0.011973  0.000000     4.913
   2.06096  1.01371 -0.00166  1.00788  0.057544  0.012523  0.000000     4.595
   2.06964  1.02233 -0.00260  0.99955  0.055955  0.013208  0.000000     4.236
   2.07981  1.03245 -0.00365  0.98902  0.054031  0.014080  0.000000     3.837
   2.09174  1.04433 -0.00483  0.97662  0.051716  0.015116  0.000000     3.421
   2.10574  1.05826 -0.00615  0.96505  0.048903  0.016088  0.000000     3.040
   2.12215  1.07460 -0.00762  0.95419  0.045633  0.016998  0.000000     2.685
   2.14139  1.09377 -0.00928  0.94508  0.041966  0.017752  0.000000     2.364
   2.16396  1.11626 -0.01113  0.93881  0.038036  0.018258  0.000000     2.083
   2.19042  1.14264 -0.01320  0.93623  0.034053  0.018459  0.000000     1.845
   2.22145  1.17359 -0.01550  0.93759  0.030268  0.018359  0.000000     1.649
   2.25784  1.20989 -0.01806  0.94233  0.026903  0.018031  0.000000     1.492
   2.30052  1.25248 -0.02090  0.94923  0.024087  0.017585  0.000000     1.370
   2.35057  1.30243 -0.02406  0.95693  0.021838  0.017119  0.000000     1.276
   2.40926  1.36101 -0.02754  0.96440  0.020094  0.016694  0.000000     1.204
   2.47809  1.42973 -0.03139  0.97109  0.018766  0.016331  0.000000     1.149
   2.55880  1.51033 -0.03563  0.97684  0.017766  0.016032  0.000000     1.108
   2.65345  1.60487 -0.04030  0.98165  0.017021  0.015791  0.000000     1.078
   2.76445  1.71574 -0.04543  0.98559  0.016471  0.015598  0.000000     1.056
   2.89461  1.84579 -0.05107  0.98877  0.016068  0.015445  0.000000     1.040
   3.04725  1.99830 -0.05727  0.99206  0.015737  0.015291  0.000000     1.029
