NACA 4412                                       
 Alfa =   7.10000 Re =    20000.000 Xflap,Yflap =     0.000000    0.000000
#    x        y        Cp  
   1.00000  0.00126 -0.37372
   0.99392  0.00292 -0.37380
   0.98333  0.00577 -0.37393
   0.97098  0.00904 -0.37407
   0.95718  0.01262 -0.37421
   0.94237  0.01638 -0.37434
   0.92696  0.02021 -0.37447
   0.91123  0.02403 -0.37460
   0.89533  0.02780 -0.37471
   0.87933  0.03149 -0.37482
   0.86327  0.03511 -0.37492
   0.84718  0.03864 -0.37501
   0.83106  0.04208 -0.37509
   0.81492  0.04544 -0.37517
   0.79875  0.04870 -0.37525
   0.78258  0.05188 -0.37532
   0.76638  0.05496 -0.37538
   0.75017  0.05796 -0.37544
   0.73395  0.06086 -0.37550
   0.71772  0.06368 -0.37555
   0.70148  0.06640 -0.37561
   0.68523  0.06902 -0.37566
   0.66898  0.07155 -0.37572
   0.65272  0.07398 -0.37578
   0.63645  0.07632 -0.37585
   0.62019  0.07855 -0.37593
   0.60392  0.08069 -0.37603
   0.58766  0.08272 -0.37614
   0.57140  0.08465 -0.37628
   0.55514  0.08647 -0.37645
   0.53889  0.08818 -0.37667
   0.52265  0.08978 -0.37695
   0.50642  0.09127 -0.37730
   0.49021  0.09264 -0.37774
   0.47402  0.09390 -0.37832
   0.45785  0.09503 -0.37905
   0.44172  0.09603 -0.38000
   0.42564  0.09690 -0.38122
   0.40965  0.09765 -0.38281
   0.39382  0.09824 -0.38484
   0.37817  0.09865 -0.38753
   0.36263  0.09885 -0.39106
   0.34716  0.09884 -0.39568
   0.33174  0.09863 -0.40171
   0.31639  0.09821 -0.40954
   0.30109  0.09757 -0.41962
   0.28586  0.09672 -0.43245
   0.27069  0.09564 -0.44839
   0.25561  0.09433 -0.46729
   0.24061  0.09280 -0.48947
   0.22571  0.09103 -0.51494
   0.21092  0.08902 -0.54278
   0.19626  0.08678 -0.57156
   0.18175  0.08429 -0.59983
   0.16741  0.08155 -0.62646
   0.15327  0.07856 -0.65037
   0.13937  0.07533 -0.67125
   0.12576  0.07185 -0.68858
   0.11254  0.06815 -0.70221
   0.09978  0.06426 -0.71209
   0.08762  0.06020 -0.71791
   0.07622  0.05606 -0.72002
   0.06572  0.05190 -0.71808
   0.05625  0.04782 -0.71219
   0.04786  0.04389 -0.70246
   0.04055  0.04017 -0.68880
   0.03423  0.03668 -0.67130
   0.02879  0.03343 -0.64955
   0.02411  0.03040 -0.62352
   0.02008  0.02756 -0.59195
   0.01660  0.02489 -0.55430
   0.01357  0.02236 -0.50945
   0.01095  0.01995 -0.45607
   0.00867  0.01764 -0.39171
   0.00671  0.01541 -0.31554
   0.00502  0.01324 -0.22458
   0.00360  0.01113 -0.11677
   0.00242  0.00906  0.00894
   0.00148  0.00703  0.15191
   0.00077  0.00504  0.31038
   0.00029  0.00309  0.47459
   0.00004  0.00120  0.63516
   0.00001 -0.00064  0.77656
   0.00020 -0.00249  0.89476
   0.00065 -0.00436  0.97317
   0.00137 -0.00623  1.00000
   0.00239 -0.00805  0.97603
   0.00369 -0.00980  0.91115
   0.00527 -0.01148  0.82451
   0.00712 -0.01307  0.72847
   0.00925 -0.01459  0.63342
   0.01167 -0.01603  0.54572
   0.01438 -0.01741  0.46666
   0.01744 -0.01873  0.39604
   0.02087 -0.02000  0.33469
   0.02476 -0.02123  0.28110
   0.02916 -0.02242  0.23466
   0.03419 -0.02357  0.19466
   0.03998 -0.02467  0.15979
   0.04667 -0.02572  0.13036
   0.05445 -0.02670  0.10576
   0.06345 -0.02758  0.08580
   0.07377 -0.02833  0.07021
   0.08543 -0.02891  0.05852
   0.09832 -0.02929  0.05058
   0.11223 -0.02947  0.04563
   0.12696 -0.02945  0.04303
   0.14228 -0.02924  0.04230
   0.15806 -0.02887  0.04268
   0.17418 -0.02837  0.04397
   0.19056 -0.02776  0.04571
   0.20714 -0.02707  0.04776
   0.22389 -0.02630  0.04987
   0.24078 -0.02549  0.05190
   0.25777 -0.02465  0.05372
   0.27484 -0.02379  0.05529
   0.29194 -0.02292  0.05639
   0.30901 -0.02207  0.05706
   0.32603 -0.02124  0.05716
   0.34301 -0.02043  0.05658
   0.35994 -0.01967  0.05527
   0.37686 -0.01894  0.05308
   0.39378 -0.01827  0.04973
   0.41076 -0.01762  0.04506
   0.42781 -0.01697  0.04059
   0.44491 -0.01629  0.03623
   0.46204 -0.01560  0.03211
   0.47921 -0.01490  0.02812
   0.49639 -0.01420  0.02428
   0.51357 -0.01350  0.02060
   0.53074 -0.01280  0.01694
   0.54790 -0.01211  0.01326
   0.56503 -0.01143  0.00956
   0.58215 -0.01076  0.00577
   0.59926 -0.01011  0.00183
   0.61635 -0.00947 -0.00227
   0.63342 -0.00885 -0.00665
   0.65049 -0.00825 -0.01127
   0.66755 -0.00768 -0.01621
   0.68459 -0.00712 -0.02153
   0.70164 -0.00659 -0.02722
   0.71867 -0.00608 -0.03342
   0.73570 -0.00560 -0.04010
   0.75273 -0.00514 -0.04737
   0.76976 -0.00471 -0.05524
   0.78678 -0.00431 -0.06387
   0.80381 -0.00393 -0.07327
   0.82084 -0.00357 -0.08365
   0.83786 -0.00324 -0.09504
   0.85489 -0.00294 -0.10776
   0.87190 -0.00266 -0.12186
   0.88889 -0.00241 -0.13770
   0.90581 -0.00218 -0.15570
   0.92258 -0.00197 -0.17623
   0.93902 -0.00179 -0.19982
   0.95483 -0.00163 -0.22703
   0.96953 -0.00150 -0.25800
   0.98258 -0.00139 -0.29330
   0.99368 -0.00131 -0.33213
   1.00000 -0.00126 -0.37372
