#    s        x        y     Ue/Vinf    Dstar     Theta      Cf       H
   0.00000  1.00000  0.00126  1.12920  0.122595  0.003740 -0.000281    32.781
   0.00630  0.99392  0.00292  1.12923  0.121475  0.003738 -0.000847    32.499
   0.01727  0.98333  0.00577  1.12928  0.119442  0.003735 -0.000848    31.976
   0.03004  0.97098  0.00904  1.12934  0.116992  0.003734 -0.000848    31.335
   0.04430  0.95718  0.01262  1.12939  0.114201  0.003732 -0.000849    30.598
   0.05958  0.94237  0.01638  1.12945  0.111166  0.003732 -0.000850    29.791
   0.07546  0.92696  0.02021  1.12950  0.107976  0.003731 -0.000851    28.938
   0.09164  0.91123  0.02403  1.12956  0.104699  0.003731 -0.000851    28.059
   0.10799  0.89533  0.02780  1.12961  0.101376  0.003732 -0.000852    27.166
   0.12441  0.87933  0.03149  1.12966  0.098027  0.003732 -0.000853    26.265
   0.14087  0.86327  0.03511  1.12971  0.094670  0.003733 -0.000854    25.362
   0.15734  0.84718  0.03864  1.12977  0.091313  0.003733 -0.000854    24.459
   0.17383  0.83106  0.04208  1.12983  0.087964  0.003734 -0.000855    23.559
   0.19032  0.81492  0.04544  1.12989  0.084626  0.003734 -0.000856    22.664
   0.20680  0.79875  0.04870  1.12996  0.081306  0.003734 -0.000858    21.776
   0.22329  0.78258  0.05188  1.13004  0.078005  0.003733 -0.000859    20.894
   0.23978  0.76638  0.05496  1.13013  0.074728  0.003732 -0.000861    20.022
   0.25626  0.75017  0.05796  1.13023  0.071479  0.003731 -0.000863    19.159
   0.27274  0.73395  0.06086  1.13035  0.068261  0.003728 -0.000865    18.308
   0.28921  0.71772  0.06368  1.13048  0.065077  0.003725 -0.000868    17.469
   0.30568  0.70148  0.06640  1.13063  0.061931  0.003721 -0.000872    16.642
   0.32214  0.68523  0.06902  1.13081  0.058824  0.003716 -0.000875    15.830
   0.33859  0.66898  0.07155  1.13103  0.055761  0.003710 -0.000880    15.032
   0.35503  0.65272  0.07398  1.13128  0.052746  0.003702 -0.000885    14.249
   0.37146  0.63645  0.07632  1.13157  0.049781  0.003692 -0.000891    13.483
   0.38788  0.62019  0.07855  1.13192  0.046868  0.003680 -0.000898    12.734
   0.40429  0.60392  0.08069  1.13234  0.044015  0.003667 -0.000907    12.004
   0.42068  0.58766  0.08272  1.13284  0.041221  0.003651 -0.000917    11.292
   0.43705  0.57140  0.08465  1.13344  0.038494  0.003631 -0.000929    10.600
   0.45341  0.55514  0.08647  1.13416  0.035835  0.003609 -0.000943     9.928
   0.46975  0.53889  0.08818  1.13502  0.033250  0.003584 -0.000960     9.279
   0.48606  0.52265  0.08978  1.13606  0.030743  0.003554 -0.000981     8.651
   0.50236  0.50642  0.09127  1.13732  0.028318  0.003520 -0.001006     8.046
   0.51863  0.49021  0.09264  1.13884  0.025981  0.003480 -0.001038     7.465
   0.53487  0.47402  0.09390  1.14069  0.023738  0.003435 -0.001077     6.910
   0.55108  0.45785  0.09503  1.14293  0.021590  0.003384 -0.001127     6.379
   0.56725  0.44172  0.09603  1.14567  0.019547  0.003326 -0.001186     5.877
   0.58335  0.42564  0.09690  1.14901  0.017613  0.003261 -0.001233     5.402
   0.59935  0.40965  0.09765  1.15307  0.015795  0.003186 -0.001231     4.957
   0.61519  0.39382  0.09824  1.15794  0.014095  0.003104 -0.001090     4.541
   0.63085  0.37817  0.09865  1.16366  0.012578  0.003013 -0.000719     4.174
   0.64639  0.36263  0.09885  1.17016  0.011241  0.002916 -0.000064     3.854
   0.66187  0.34716  0.09884  1.17761  0.010074  0.002810  0.000870     3.585
   0.67728  0.33174  0.09863  1.18591  0.009068  0.002697  0.002040     3.363
   0.69264  0.31639  0.09821  1.19479  0.008205  0.002578  0.003394     3.182
   0.70795  0.30109  0.09757  1.20385  0.007471  0.002459  0.004868     3.038
   0.72321  0.28586  0.09672  1.21265  0.006848  0.002343  0.006399     2.923
   0.73841  0.27069  0.09564  1.22087  0.006315  0.002231  0.007964     2.831
   0.75355  0.25561  0.09433  1.22823  0.005857  0.002124  0.009518     2.757
   0.76863  0.24061  0.09280  1.23456  0.005456  0.002023  0.011071     2.698
   0.78363  0.22571  0.09103  1.23968  0.005107  0.001927  0.012573     2.650
   0.79855  0.21092  0.08902  1.24359  0.004790  0.001835  0.014083     2.611
   0.81339  0.19626  0.08678  1.24616  0.004505  0.001747  0.015569     2.579
   0.82811  0.18175  0.08429  1.24736  0.004242  0.001662  0.017044     2.552
   0.84271  0.16741  0.08155  1.24719  0.003995  0.001580  0.018567     2.529
   0.85717  0.15327  0.07856  1.24545  0.003765  0.001500  0.020067     2.511
   0.87144  0.13937  0.07533  1.24223  0.003542  0.001421  0.021663     2.494
   0.88548  0.12576  0.07185  1.23728  0.003330  0.001343  0.023292     2.480
   0.89921  0.11254  0.06815  1.23059  0.003122  0.001265  0.025027     2.468
   0.91255  0.09978  0.06426  1.22201  0.002920  0.001189  0.026889     2.456
   0.92536  0.08762  0.06020  1.21137  0.002723  0.001113  0.028869     2.447
   0.93750  0.07622  0.05606  1.19866  0.002530  0.001038  0.031030     2.437
   0.94879  0.06572  0.05190  1.18380  0.002345  0.000965  0.033370     2.429
   0.95911  0.05625  0.04782  1.16682  0.002168  0.000896  0.035899     2.420
   0.96837  0.04786  0.04389  1.14777  0.002001  0.000830  0.038585     2.411
   0.97657  0.04055  0.04017  1.12675  0.001845  0.000768  0.041454     2.402
   0.98379  0.03423  0.03668  1.10369  0.001701  0.000711  0.044461     2.393
   0.99012  0.02879  0.03343  1.07850  0.001568  0.000658  0.047482     2.385
   0.99570  0.02411  0.03040  1.05107  0.001444  0.000608  0.050821     2.374
   1.00063  0.02008  0.02756  1.02067  0.001330  0.000563  0.054093     2.364
   1.00502  0.01660  0.02489  0.98700  0.001225  0.000520  0.057401     2.354
   1.00896  0.01357  0.02236  0.94935  0.001127  0.000481  0.060673     2.342
   1.01253  0.01095  0.01995  0.90681  0.001035  0.000444  0.063848     2.330
   1.01577  0.00867  0.01764  0.85818  0.000950  0.000410  0.066599     2.317
   1.01874  0.00671  0.01541  0.80245  0.000873  0.000378  0.068478     2.307
   1.02149  0.00502  0.01324  0.73827  0.000799  0.000349  0.069718     2.293
   1.02404  0.00360  0.01113  0.66330  0.000734  0.000322  0.069111     2.279
   1.02642  0.00242  0.00906  0.57651  0.000676  0.000298  0.065823     2.269
   1.02866  0.00148  0.00703  0.47644  0.000623  0.000277  0.059730     2.255
   1.03077  0.00077  0.00504  0.36201  0.000581  0.000259  0.049069     2.246
   1.03277  0.00029  0.00309  0.23439  0.000544  0.000243  0.034142     2.240
   1.03468  0.00004  0.00120  0.09355  0.000515  0.000231  0.014516     2.230
   1.03651  0.00001 -0.00064 -0.05171  0.000515  0.000231  0.008024     2.230
   1.03838  0.00020 -0.00249 -0.20591  0.000499  0.000224  0.033120     2.226
   1.04030  0.00065 -0.00436 -0.36696  0.000504  0.000225  0.057975     2.235
   1.04230  0.00137 -0.00623 -0.52198  0.000523  0.000233  0.078857     2.242
   1.04439  0.00239 -0.00805 -0.66113  0.000560  0.000248  0.091857     2.260
   1.04657  0.00369 -0.00980 -0.77841  0.000611  0.000268  0.097446     2.278
   1.04888  0.00527 -0.01148 -0.87241  0.000679  0.000295  0.096176     2.302
   1.05132  0.00712 -0.01307 -0.94479  0.000760  0.000327  0.090796     2.327
   1.05393  0.00925 -0.01459 -0.99998  0.000852  0.000363  0.083838     2.350
   1.05675  0.01167 -0.01603 -1.04157  0.000956  0.000402  0.075955     2.376
   1.05979  0.01438 -0.01741 -1.07236  0.001072  0.000446  0.067957     2.402
   1.06312  0.01744 -0.01873 -1.09491  0.001199  0.000494  0.060465     2.427
   1.06679  0.02087 -0.02000 -1.11109  0.001339  0.000546  0.053538     2.453
   1.07086  0.02476 -0.02123 -1.12259  0.001489  0.000602  0.047478     2.475
   1.07542  0.02916 -0.02242 -1.13006  0.001658  0.000663  0.041767     2.501
   1.08058  0.03419 -0.02357 -1.13432  0.001844  0.000730  0.036713     2.526
   1.08647  0.03998 -0.02467 -1.13608  0.002048  0.000803  0.032289     2.549
   1.09325  0.04667 -0.02572 -1.13548  0.002278  0.000885  0.028187     2.575
   1.10108  0.05445 -0.02670 -1.13303  0.002531  0.000974  0.024640     2.598
   1.11013  0.06345 -0.02758 -1.12873  0.002818  0.001073  0.021369     2.625
   1.12048  0.07377 -0.02833 -1.12312  0.003128  0.001181  0.018615     2.650
   1.13215  0.08543 -0.02891 -1.11642  0.003467  0.001296  0.016204     2.675
   1.14504  0.09832 -0.02929 -1.10903  0.003825  0.001417  0.014168     2.699
   1.15896  0.11223 -0.02947 -1.10126  0.004197  0.001542  0.012452     2.722
   1.17368  0.12696 -0.02945 -1.09347  0.004575  0.001667  0.011040     2.744
   1.18901  0.14228 -0.02924 -1.08584  0.004953  0.001792  0.009874     2.763
   1.20480  0.15806 -0.02887 -1.07854  0.005325  0.001915  0.008922     2.780
   1.22092  0.17418 -0.02837 -1.07159  0.005692  0.002036  0.008124     2.796
   1.23731  0.19056 -0.02776 -1.06508  0.006046  0.002153  0.007482     2.808
   1.25391  0.20714 -0.02707 -1.05900  0.006387  0.002267  0.006952     2.817
   1.27067  0.22389 -0.02630 -1.05335  0.006716  0.002377  0.006512     2.825
   1.28758  0.24078 -0.02549 -1.04813  0.007027  0.002484  0.006160     2.829
   1.30460  0.25777 -0.02465 -1.04335  0.007318  0.002587  0.005885     2.829
   1.32169  0.27484 -0.02379 -1.03898  0.007592  0.002686  0.005668     2.826
   1.33881  0.29194 -0.02292 -1.03509  0.007838  0.002780  0.005522     2.819
   1.35590  0.30901 -0.02207 -1.03163  0.008062  0.002869  0.005421     2.810
   1.37294  0.32603 -0.02124 -1.02862  0.008258  0.002953  0.005374     2.796
   1.38994  0.34301 -0.02043 -1.02609  0.008425  0.003032  0.005378     2.779
   1.40689  0.35994 -0.01967 -1.02404  0.008559  0.003105  0.005433     2.757
   1.42382  0.37686 -0.01894 -1.02250  0.008662  0.003172  0.005538     2.731
   1.44075  0.39378 -0.01827 -1.02155  0.008725  0.003231  0.005709     2.700
   1.45775  0.41076 -0.01762 -1.02122  0.008752  0.003284  0.005937     2.665
   1.47481  0.42781 -0.01697 -1.02095  0.008814  0.003337  0.006063     2.641
   1.49192  0.44491 -0.01629 -1.02077  0.008894  0.003390  0.006133     2.624
   1.50907  0.46204 -0.01560 -1.02061  0.008990  0.003443  0.006153     2.611
   1.52625  0.47921 -0.01490 -1.02049  0.009095  0.003495  0.006149     2.602
   1.54344  0.49639 -0.01420 -1.02040  0.009205  0.003547  0.006124     2.595
   1.56064  0.51357 -0.01350 -1.02034  0.009319  0.003599  0.006087     2.589
   1.57783  0.53074 -0.01280 -1.02032  0.009430  0.003649  0.006050     2.584
   1.59499  0.54790 -0.01211 -1.02037  0.009538  0.003698  0.006016     2.579
   1.61214  0.56503 -0.01143 -1.02047  0.009643  0.003746  0.005985     2.574
   1.62928  0.58215 -0.01076 -1.02066  0.009740  0.003792  0.005963     2.569
   1.64639  0.59926 -0.01011 -1.02094  0.009830  0.003836  0.005951     2.563
   1.66350  0.61635 -0.00947 -1.02132  0.009911  0.003878  0.005950     2.556
   1.68058  0.63342 -0.00885 -1.02183  0.009981  0.003918  0.005964     2.548
   1.69766  0.65049 -0.00825 -1.02247  0.010042  0.003956  0.005991     2.539
   1.71473  0.66755 -0.00768 -1.02325  0.010091  0.003991  0.006033     2.528
   1.73178  0.68459 -0.00712 -1.02420  0.010129  0.004024  0.006089     2.517
   1.74883  0.70164 -0.00659 -1.02531  0.010155  0.004053  0.006160     2.505
   1.76588  0.71867 -0.00608 -1.02663  0.010167  0.004080  0.006250     2.492
   1.78292  0.73570 -0.00560 -1.02815  0.010167  0.004104  0.006356     2.477
   1.79995  0.75273 -0.00514 -1.02991  0.010153  0.004124  0.006481     2.462
   1.81698  0.76976 -0.00471 -1.03191  0.010125  0.004141  0.006623     2.445
   1.83401  0.78678 -0.00431 -1.03420  0.010082  0.004154  0.006789     2.427
   1.85104  0.80381 -0.00393 -1.03680  0.010025  0.004162  0.006979     2.408
   1.86807  0.82084 -0.00357 -1.03974  0.009950  0.004166  0.007196     2.388
   1.88510  0.83786 -0.00324 -1.04307  0.009858  0.004165  0.007441     2.367
   1.90213  0.85489 -0.00294 -1.04689  0.009745  0.004158  0.007728     2.343
   1.91914  0.87190 -0.00266 -1.05119  0.009614  0.004146  0.008051     2.319
   1.93613  0.88889 -0.00241 -1.05611  0.009459  0.004125  0.008428     2.293
   1.95305  0.90581 -0.00218 -1.06177  0.009276  0.004097  0.008872     2.264
   1.96983  0.92258 -0.00197 -1.06828  0.009063  0.004058  0.009397     2.233
   1.98627  0.93902 -0.00179 -1.07581  0.008816  0.004008  0.010026     2.199
   2.00209  0.95483 -0.00163 -1.08449  0.008532  0.003945  0.010785     2.162
   2.01678  0.96953 -0.00150 -1.09431  0.008213  0.003869  0.011691     2.123
   2.02984  0.98258 -0.00139 -1.10533  0.007858  0.003778  0.012789     2.080
   2.04093  0.99368 -0.00131 -1.11710  0.007490  0.003678  0.014043     2.036
   2.04725  1.00000 -0.00126 -1.12920  0.007057  0.003559  0.015712     1.983
   2.04725  1.00010 -0.00001  1.12920  0.132127  0.007299  0.000000    18.103
   2.05356  1.00636 -0.00081  1.12635  0.131770  0.007670  0.000000    17.180
   2.06096  1.01371 -0.00162  1.12266  0.131104  0.008153  0.000000    16.080
   2.06964  1.02234 -0.00249  1.11826  0.130203  0.008732  0.000000    14.910
   2.07981  1.03248 -0.00344  1.11298  0.129015  0.009433  0.000000    13.677
   2.09174  1.04436 -0.00448  1.10665  0.127470  0.010278  0.000000    12.402
   2.10574  1.05831 -0.00561  1.09906  0.125475  0.011298  0.000000    11.106
   2.12215  1.07467 -0.00683  1.08996  0.122914  0.012532  0.000000     9.808
   2.14139  1.09387 -0.00814  1.07898  0.119644  0.014031  0.000000     8.527
   2.16396  1.11639 -0.00954  1.06568  0.115492  0.015866  0.000000     7.279
   2.19042  1.14282 -0.01103  1.04934  0.110263  0.018141  0.000000     6.078
   2.22145  1.17381 -0.01257  1.02899  0.103759  0.021016  0.000000     4.937
   2.25784  1.21017 -0.01416  1.00263  0.095873  0.024812  0.000000     3.864
   2.30052  1.25282 -0.01576  0.97724  0.086314  0.028532  0.000000     3.025
   2.35057  1.30284 -0.01734  0.95680  0.075518  0.031519  0.000000     2.396
   2.40926  1.36151 -0.01882  0.94502  0.064465  0.033190  0.000000     1.942
   2.47809  1.43032 -0.02015  0.94309  0.054432  0.033448  0.000000     1.627
   2.55880  1.51103 -0.02122  0.94872  0.046363  0.032754  0.000000     1.416
   2.65345  1.60568 -0.02193  0.95778  0.040456  0.031729  0.000000     1.275
   2.76445  1.71667 -0.02214  0.96700  0.036358  0.030762  0.000000     1.182
   2.89461  1.84684 -0.02168  0.97494  0.033574  0.029980  0.000000     1.120
   3.04725  1.99947 -0.02034  0.98603  0.031198  0.028947  0.000000     1.078
