NACA 4412                                       
 Alfa =  25.00000 Re =    20000.000 Xflap,Yflap =     0.000000    0.000000
#    x        y        Cp  
   1.00000  0.00126 -0.80356
   0.99392  0.00292 -0.80482
   0.98333  0.00577 -0.80704
   0.97098  0.00904 -0.80964
   0.95718  0.01262 -0.81258
   0.94237  0.01638 -0.81579
   0.92696  0.02021 -0.81917
   0.91123  0.02403 -0.82269
   0.89533  0.02780 -0.82631
   0.87933  0.03149 -0.83002
   0.86327  0.03511 -0.83382
   0.84718  0.03864 -0.83772
   0.83106  0.04208 -0.84170
   0.81492  0.04544 -0.84578
   0.79875  0.04870 -0.84997
   0.78258  0.05188 -0.85426
   0.76638  0.05496 -0.85867
   0.75017  0.05796 -0.86320
   0.73395  0.06086 -0.86786
   0.71772  0.06368 -0.87266
   0.70148  0.06640 -0.87760
   0.68523  0.06902 -0.88270
   0.66898  0.07155 -0.88796
   0.65272  0.07398 -0.89340
   0.63645  0.07632 -0.89902
   0.62019  0.07855 -0.90486
   0.60392  0.08069 -0.91091
   0.58766  0.08272 -0.91719
   0.57140  0.08465 -0.92374
   0.55514  0.08647 -0.93056
   0.53889  0.08818 -0.93769
   0.52265  0.08978 -0.94515
   0.50642  0.09127 -0.95298
   0.49021  0.09264 -0.96121
   0.47402  0.09390 -0.96989
   0.45785  0.09503 -0.97924
   0.44172  0.09603 -0.98917
   0.42564  0.09690 -0.99972
   0.40965  0.09765 -1.01098
   0.39382  0.09824 -1.02299
   0.37817  0.09865 -1.03587
   0.36263  0.09885 -1.04986
   0.34716  0.09884 -1.06522
   0.33174  0.09863 -1.08227
   0.31639  0.09821 -1.10151
   0.30109  0.09757 -1.12348
   0.28586  0.09672 -1.14971
   0.27069  0.09564 -1.18325
   0.25561  0.09433 -1.24088
   0.24061  0.09280 -1.24954
   0.22571  0.09103 -1.25096
   0.21092  0.08902 -1.25247
   0.19626  0.08678 -1.25409
   0.18175  0.08429 -1.25584
   0.16741  0.08155 -1.25773
   0.15327  0.07856 -1.25977
   0.13937  0.07533 -1.26199
   0.12576  0.07185 -1.26440
   0.11254  0.06815 -1.26701
   0.09978  0.06426 -1.26982
   0.08762  0.06020 -1.27284
   0.07622  0.05606 -1.27605
   0.06572  0.05190 -1.27941
   0.05625  0.04782 -1.28291
   0.04786  0.04389 -1.28652
   0.04055  0.04017 -1.29029
   0.03423  0.03668 -1.29426
   0.02879  0.03343 -1.29858
   0.02411  0.03040 -1.30348
   0.02008  0.02756 -1.30927
   0.01660  0.02489 -1.31643
   0.01357  0.02236 -1.32570
   0.01095  0.01995 -1.33811
   0.00867  0.01764 -1.35529
   0.00671  0.01541 -1.37961
   0.00502  0.01324 -1.41486
   0.00360  0.01113 -1.46643
   0.00242  0.00906 -1.53922
   0.00148  0.00703 -1.63543
   0.00077  0.00504 -1.74959
   0.00029  0.00309 -1.85168
   0.00004  0.00120 -1.90345
   0.00001 -0.00064 -1.87409
   0.00020 -0.00249 -1.73586
   0.00065 -0.00436 -1.48028
   0.00137 -0.00623 -1.12808
   0.00239 -0.00805 -0.72290
   0.00369 -0.00980 -0.33040
   0.00527 -0.01148  0.02394
   0.00712 -0.01307  0.30888
   0.00925 -0.01459  0.53015
   0.01167 -0.01603  0.69647
   0.01438 -0.01741  0.81453
   0.01744 -0.01873  0.89647
   0.02087 -0.02000  0.95071
   0.02476 -0.02123  0.98302
   0.02916 -0.02242  0.99766
   0.03419 -0.02357  0.99917
   0.03998 -0.02467  0.98971
   0.04667 -0.02572  0.97152
   0.05445 -0.02670  0.94665
   0.06345 -0.02758  0.91654
   0.07377 -0.02833  0.88184
   0.08543 -0.02891  0.84627
   0.09832 -0.02929  0.80979
   0.11223 -0.02947  0.77448
   0.12696 -0.02945  0.74094
   0.14228 -0.02924  0.70995
   0.15806 -0.02887  0.68116
   0.17418 -0.02837  0.65444
   0.19056 -0.02776  0.62983
   0.20714 -0.02707  0.60697
   0.22389 -0.02630  0.58559
   0.24078 -0.02549  0.56539
   0.25777 -0.02465  0.54649
   0.27484 -0.02379  0.52830
   0.29194 -0.02292  0.51079
   0.30901 -0.02207  0.49393
   0.32603 -0.02124  0.47739
   0.34301 -0.02043  0.46103
   0.35994 -0.01967  0.44453
   0.37686 -0.01894  0.42788
   0.39378 -0.01827  0.41054
   0.41076 -0.01762  0.39177
   0.42781 -0.01697  0.37352
   0.44491 -0.01629  0.35588
   0.46204 -0.01560  0.33862
   0.47921 -0.01490  0.32189
   0.49639 -0.01420  0.30536
   0.51357 -0.01350  0.28912
   0.53074 -0.01280  0.27307
   0.54790 -0.01211  0.25685
   0.56503 -0.01143  0.24069
   0.58215 -0.01076  0.22431
   0.59926 -0.01011  0.20796
   0.61635 -0.00947  0.19105
   0.63342 -0.00885  0.17378
   0.65049 -0.00825  0.15625
   0.66755 -0.00768  0.13796
   0.68459 -0.00712  0.11916
   0.70164 -0.00659  0.09970
   0.71867 -0.00608  0.07928
   0.73570 -0.00560  0.05809
   0.75273 -0.00514  0.03575
   0.76976 -0.00471  0.01228
   0.78678 -0.00431 -0.01261
   0.80381 -0.00393 -0.03897
   0.82084 -0.00357 -0.06733
   0.83786 -0.00324 -0.09769
   0.85489 -0.00294 -0.13071
   0.87190 -0.00266 -0.16672
   0.88889 -0.00241 -0.20623
   0.90581 -0.00218 -0.25046
   0.92258 -0.00197 -0.30013
   0.93902 -0.00179 -0.35663
   0.95483 -0.00163 -0.42141
   0.96953 -0.00150 -0.49542
   0.98258 -0.00139 -0.58186
   0.99368 -0.00131 -0.68159
   1.00000 -0.00126 -0.80356
