#    s        x        y     Ue/Vinf    Dstar     Theta      Cf       H
   0.00000  1.00000  0.00126  1.21010  0.336735  0.024189 -0.000145    13.921
   0.00630  0.99392  0.00292  1.21087  0.334529  0.023945 -0.000147    13.971
   0.01727  0.98333  0.00577  1.21223  0.330673  0.023519 -0.000149    14.060
   0.03004  0.97098  0.00904  1.21385  0.326070  0.023021 -0.000153    14.164
   0.04430  0.95718  0.01262  1.21569  0.320859  0.022463 -0.000157    14.284
   0.05958  0.94237  0.01638  1.21771  0.315217  0.021860 -0.000161    14.420
   0.07546  0.92696  0.02021  1.21988  0.309308  0.021229 -0.000166    14.570
   0.09164  0.91123  0.02403  1.22216  0.303248  0.020579 -0.000172    14.736
   0.10799  0.89533  0.02780  1.22455  0.297103  0.019916 -0.000178    14.917
   0.12441  0.87933  0.03149  1.22703  0.290907  0.019243 -0.000184    15.117
   0.14087  0.86327  0.03511  1.22961  0.284685  0.018561 -0.000191    15.338
   0.15734  0.84718  0.03864  1.23229  0.278445  0.017868 -0.000199    15.583
   0.17383  0.83106  0.04208  1.23509  0.272195  0.017165 -0.000207    15.857
   0.19032  0.81492  0.04544  1.23801  0.265940  0.016452 -0.000216    16.165
   0.20680  0.79875  0.04870  1.24110  0.259677  0.015718 -0.000227    16.521
   0.22329  0.78258  0.05188  1.24436  0.253405  0.014965 -0.000238    16.934
   0.23978  0.76638  0.05496  1.24780  0.247133  0.014196 -0.000252    17.409
   0.25626  0.75017  0.05796  1.25142  0.240861  0.013409 -0.000267    17.963
   0.27274  0.73395  0.06086  1.25526  0.234589  0.012602 -0.000284    18.615
   0.28921  0.71772  0.06368  1.25935  0.228316  0.011771 -0.000305    19.396
   0.30568  0.70148  0.06640  1.26373  0.222038  0.010913 -0.000329    20.346
   0.32214  0.68523  0.06902  1.26844  0.215750  0.010021 -0.000354    21.530
   0.33859  0.66898  0.07155  1.27357  0.209448  0.009087 -0.000357    23.050
   0.35503  0.65272  0.07398  1.27922  0.203119  0.008098 -0.000360    25.082
   0.37146  0.63645  0.07632  1.28551  0.196753  0.007044 -0.000364    27.931
   0.38788  0.62019  0.07855  1.29272  0.190310  0.005886 -0.000368    32.331
   0.40429  0.60392  0.08069  1.30148  0.183719  0.004544 -0.000373    40.433
   0.42068  0.58766  0.08272  1.31387  0.176708  0.002703 -0.000380    65.375
   0.43705  0.57140  0.08465  1.31894  0.170643  0.002018 -0.001809    84.543
   0.45341  0.55514  0.08647  1.31914  0.165111  0.002001 -0.001825    82.506
   0.46975  0.53889  0.08818  1.31934  0.159516  0.001985 -0.001841    80.357
   0.48606  0.52265  0.08978  1.31953  0.153867  0.001970 -0.001856    78.105
   0.50236  0.50642  0.09127  1.31973  0.148181  0.001956 -0.001870    75.763
   0.51863  0.49021  0.09264  1.31992  0.142465  0.001943 -0.001883    73.335
   0.53487  0.47402  0.09390  1.32011  0.136725  0.001930 -0.001896    70.826
   0.55108  0.45785  0.09503  1.32031  0.130968  0.001919 -0.001908    68.241
   0.56725  0.44172  0.09603  1.32050  0.125201  0.001909 -0.001919    65.583
   0.58335  0.42564  0.09690  1.32069  0.119434  0.001900 -0.001929    62.862
   0.59935  0.40965  0.09765  1.32087  0.113680  0.001892 -0.001939    60.085
   0.61519  0.39382  0.09824  1.32105  0.107955  0.001885 -0.001947    57.259
   0.63085  0.37817  0.09865  1.32123  0.102334  0.001879 -0.001954    54.453
   0.64639  0.36263  0.09885  1.32141  0.096809  0.001874 -0.001962    51.670
   0.66187  0.34716  0.09884  1.32160  0.091371  0.001868 -0.001969    48.912
   0.67728  0.33174  0.09863  1.32181  0.086029  0.001863 -0.001977    46.189
   0.69264  0.31639  0.09821  1.32202  0.080777  0.001857 -0.001985    43.498
   0.70795  0.30109  0.09757  1.32226  0.075626  0.001851 -0.001993    40.849
   0.72321  0.28586  0.09672  1.32251  0.070577  0.001845 -0.002002    38.244
   0.73841  0.27069  0.09564  1.32279  0.065637  0.001839 -0.002012    35.691
   0.75355  0.25561  0.09433  1.32310  0.060812  0.001832 -0.002023    33.193
   0.76863  0.24061  0.09280  1.32345  0.056106  0.001824 -0.002036    30.754
   0.78363  0.22571  0.09103  1.32385  0.051528  0.001816 -0.002050    28.381
   0.79855  0.21092  0.08902  1.32432  0.047082  0.001806 -0.002067    26.075
   0.81339  0.19626  0.08678  1.32487  0.042773  0.001794 -0.002087    23.841
   0.82811  0.18175  0.08429  1.32554  0.038612  0.001781 -0.002110    21.685
   0.84271  0.16741  0.08155  1.32636  0.034606  0.001765 -0.002139    19.610
   0.85717  0.15327  0.07856  1.32738  0.030764  0.001746 -0.002175    17.623
   0.87144  0.13937  0.07533  1.32868  0.027101  0.001723 -0.002219    15.729
   0.88548  0.12576  0.07185  1.33036  0.023631  0.001695 -0.002276    13.938
   0.89921  0.11254  0.06815  1.33260  0.020376  0.001662 -0.002350    12.261
   0.91255  0.09978  0.06426  1.33559  0.017358  0.001621 -0.002449    10.707
   0.92536  0.08762  0.06020  1.33966  0.014607  0.001572 -0.002583     9.293
   0.93750  0.07622  0.05606  1.34518  0.012149  0.001513 -0.002769     8.028
   0.94879  0.06572  0.05190  1.35260  0.010014  0.001445 -0.003033     6.929
   0.95911  0.05625  0.04782  1.36242  0.008203  0.001368 -0.003403     5.997
   0.96837  0.04786  0.04389  1.37510  0.006712  0.001283 -0.003738     5.230
   0.97657  0.04055  0.04017  1.39090  0.005510  0.001193 -0.003560     4.617
   0.98379  0.03423  0.03668  1.40956  0.004555  0.001102 -0.002178     4.135
   0.99012  0.02879  0.03343  1.43040  0.003799  0.001011  0.000757     3.758
   0.99570  0.02411  0.03040  1.45302  0.003200  0.000922  0.005190     3.471
   1.00063  0.02008  0.02756  1.47658  0.002720  0.000837  0.011017     3.250
   1.00502  0.01660  0.02489  1.50013  0.002332  0.000758  0.018163     3.077
   1.00896  0.01357  0.02236  1.52272  0.002015  0.000685  0.026496     2.943
   1.01253  0.01095  0.01995  1.54361  0.001747  0.000618  0.036440     2.829
   1.01577  0.00867  0.01764  1.56169  0.001524  0.000557  0.047683     2.738
   1.01874  0.00671  0.01541  1.57613  0.001330  0.000501  0.061048     2.655
   1.02149  0.00502  0.01324  1.58512  0.001166  0.000451  0.076026     2.584
   1.02404  0.00360  0.01113  1.58704  0.001024  0.000406  0.093050     2.521
   1.02642  0.00242  0.00906  1.57927  0.000902  0.000366  0.111712     2.463
   1.02866  0.00148  0.00703  1.55875  0.000798  0.000331  0.131441     2.411
   1.03077  0.00077  0.00504  1.52197  0.000713  0.000302  0.150256     2.365
   1.03277  0.00029  0.00309  1.46611  0.000645  0.000277  0.166529     2.325
   1.03468  0.00004  0.00120  1.38996  0.000595  0.000259  0.175278     2.299
   1.03651  0.00001 -0.00064  1.29614  0.000556  0.000244  0.178750     2.276
   1.03838  0.00020 -0.00249  1.17848  0.000526  0.000233  0.175120     2.255
   1.04030  0.00065 -0.00436  1.03447  0.000508  0.000227  0.162780     2.231
   1.04230  0.00137 -0.00623  0.86918  0.000507  0.000228  0.138448     2.219
   1.04439  0.00239 -0.00805  0.69589  0.000520  0.000235  0.108479     2.214
   1.04657  0.00369 -0.00980  0.52386  0.000547  0.000248  0.078339     2.204
   1.04888  0.00527 -0.01148  0.36452  0.000591  0.000266  0.049693     2.221
   1.05132  0.00712 -0.01307  0.21992  0.000635  0.000288  0.028316     2.205
   1.05393  0.00925 -0.01459  0.09403  0.000726  0.000326  0.010357     2.230
   1.05675  0.01167 -0.01603 -0.01834  0.000726  0.000326  0.002018     2.230
   1.05979  0.01438 -0.01741 -0.11645  0.000858  0.000382  0.010702     2.245
   1.06312  0.01744 -0.01873 -0.20046  0.000929  0.000415  0.017100     2.240
   1.06679  0.02087 -0.02000 -0.27571  0.001022  0.000452  0.020929     2.263
   1.07086  0.02476 -0.02123 -0.34182  0.001123  0.000495  0.023493     2.268
   1.07542  0.02916 -0.02242 -0.40137  0.001233  0.000541  0.024881     2.279
   1.08058  0.03419 -0.02357 -0.45502  0.001355  0.000592  0.025414     2.290
   1.08647  0.03998 -0.02467 -0.50356  0.001490  0.000648  0.025307     2.301
   1.09325  0.04667 -0.02572 -0.54794  0.001638  0.000709  0.024838     2.310
   1.10108  0.05445 -0.02670 -0.58815  0.001807  0.000777  0.023859     2.324
   1.11013  0.06345 -0.02758 -0.62426  0.001994  0.000854  0.022693     2.336
   1.12048  0.07377 -0.02833 -0.65676  0.002194  0.000935  0.021500     2.345
   1.13215  0.08543 -0.02891 -0.68545  0.002412  0.001023  0.020178     2.357
   1.14504  0.09832 -0.02929 -0.71021  0.002643  0.001116  0.018863     2.368
   1.15896  0.11223 -0.02947 -0.73142  0.002879  0.001211  0.017667     2.378
   1.17368  0.12696 -0.02945 -0.74951  0.003117  0.001306  0.016583     2.387
   1.18901  0.14228 -0.02924 -0.76468  0.003359  0.001402  0.015538     2.397
   1.20480  0.15806 -0.02887 -0.77773  0.003590  0.001494  0.014704     2.402
   1.22092  0.17418 -0.02837 -0.78888  0.003821  0.001586  0.013908     2.410
   1.23731  0.19056 -0.02776 -0.79858  0.004044  0.001674  0.013232     2.415
   1.25391  0.20714 -0.02707 -0.80715  0.004257  0.001760  0.012652     2.419
   1.27067  0.22389 -0.02630 -0.81482  0.004464  0.001843  0.012141     2.423
   1.28758  0.24078 -0.02549 -0.82176  0.004662  0.001922  0.011697     2.425
   1.30460  0.25777 -0.02465 -0.82817  0.004849  0.001999  0.011321     2.426
   1.32169  0.27484 -0.02379 -0.83414  0.005027  0.002072  0.010996     2.426
   1.33881  0.29194 -0.02292 -0.83990  0.005188  0.002141  0.010756     2.424
   1.35590  0.30901 -0.02207 -0.84543  0.005341  0.002206  0.010546     2.421
   1.37294  0.32603 -0.02124 -0.85087  0.005477  0.002267  0.010395     2.416
   1.38994  0.34301 -0.02043 -0.85635  0.005597  0.002322  0.010309     2.410
   1.40689  0.35994 -0.01967 -0.86194  0.005700  0.002373  0.010271     2.402
   1.42382  0.37686 -0.01894 -0.86781  0.005782  0.002418  0.010306     2.391
   1.44075  0.39378 -0.01827 -0.87413  0.005838  0.002456  0.010427     2.377
   1.45775  0.41076 -0.01762 -0.88109  0.005867  0.002487  0.010639     2.359
   1.47481  0.42781 -0.01697 -0.88778  0.005931  0.002521  0.010671     2.353
   1.49192  0.44491 -0.01629 -0.89414  0.006013  0.002557  0.010611     2.352
   1.50907  0.46204 -0.01560 -0.90018  0.006103  0.002594  0.010508     2.353
   1.52625  0.47921 -0.01490 -0.90595  0.006198  0.002631  0.010390     2.356
   1.54344  0.49639 -0.01420 -0.91153  0.006289  0.002668  0.010285     2.357
   1.56064  0.51357 -0.01350 -0.91685  0.006383  0.002705  0.010170     2.360
   1.57783  0.53074 -0.01280 -0.92207  0.006469  0.002740  0.010085     2.361
   1.59499  0.54790 -0.01211 -0.92721  0.006548  0.002774  0.010022     2.360
   1.61214  0.56503 -0.01143 -0.93231  0.006621  0.002807  0.009979     2.359
   1.62928  0.58215 -0.01076 -0.93737  0.006689  0.002838  0.009950     2.357
   1.64639  0.59926 -0.01011 -0.94248  0.006747  0.002867  0.009951     2.353
   1.66350  0.61635 -0.00947 -0.94762  0.006800  0.002894  0.009963     2.350
   1.68058  0.63342 -0.00885 -0.95288  0.006842  0.002919  0.010008     2.344
   1.69766  0.65049 -0.00825 -0.95825  0.006878  0.002941  0.010067     2.339
   1.71473  0.66755 -0.00768 -0.96375  0.006906  0.002961  0.010146     2.332
   1.73178  0.68459 -0.00712 -0.96945  0.006924  0.002978  0.010252     2.325
   1.74883  0.70164 -0.00659 -0.97530  0.006937  0.002994  0.010368     2.317
   1.76588  0.71867 -0.00608 -0.98145  0.006937  0.003005  0.010523     2.308
   1.78292  0.73570 -0.00560 -0.98780  0.006933  0.003015  0.010687     2.299
   1.79995  0.75273 -0.00514 -0.99450  0.006916  0.003021  0.010890     2.289
   1.81698  0.76976 -0.00471 -1.00146  0.006894  0.003025  0.011102     2.279
   1.83401  0.78678 -0.00431 -1.00887  0.006858  0.003024  0.011364     2.268
   1.85104  0.80381 -0.00393 -1.01665  0.006815  0.003021  0.011645     2.256
   1.86807  0.82084 -0.00357 -1.02497  0.006759  0.003013  0.011978     2.243
   1.88510  0.83786 -0.00324 -1.03383  0.006692  0.003001  0.012351     2.230
   1.90213  0.85489 -0.00294 -1.04338  0.006610  0.002984  0.012788     2.215
   1.91914  0.87190 -0.00266 -1.05367  0.006515  0.002962  0.013283     2.200
   1.93613  0.88889 -0.00241 -1.06484  0.006405  0.002934  0.013857     2.183
   1.95305  0.90581 -0.00218 -1.07719  0.006272  0.002899  0.014558     2.164
   1.96983  0.92258 -0.00197 -1.09081  0.006118  0.002855  0.015388     2.142
   1.98627  0.93902 -0.00179 -1.10600  0.005937  0.002802  0.016406     2.119
   2.00209  0.95483 -0.00163 -1.12300  0.005723  0.002737  0.017682     2.091
   2.01678  0.96953 -0.00150 -1.14176  0.005480  0.002661  0.019259     2.060
   2.02984  0.98258 -0.00139 -1.16270  0.005192  0.002569  0.021340     2.021
   2.04093  0.99368 -0.00131 -1.18534  0.004881  0.002466  0.023907     1.980
   2.04725  1.00000 -0.00126 -1.21010  0.004441  0.002328  0.028295     1.908
   2.04725  1.00010 -0.00001  1.21010  0.343652  0.026516  0.000000    12.960
   2.05356  1.00636 -0.00078  1.20882  0.344067  0.026937  0.000000    12.773
   2.06096  1.01373 -0.00149  1.20720  0.344336  0.027473  0.000000    12.534
   2.06964  1.02238 -0.00218  1.20529  0.344564  0.028105  0.000000    12.260
   2.07981  1.03253 -0.00286  1.20305  0.344719  0.028853  0.000000    11.947
   2.09174  1.04444 -0.00351  1.20041  0.344764  0.029738  0.000000    11.593
   2.10574  1.05842 -0.00411  1.19731  0.344653  0.030787  0.000000    11.195
   2.12215  1.07482 -0.00461  1.19365  0.344316  0.032033  0.000000    10.749
   2.14139  1.09406 -0.00497  1.18935  0.343666  0.033513  0.000000    10.255
   2.16396  1.11663 -0.00512  1.18427  0.342582  0.035277  0.000000     9.711
   2.19042  1.14309 -0.00497  1.17827  0.340906  0.037383  0.000000     9.119
   2.22145  1.17412 -0.00442  1.17117  0.338434  0.039906  0.000000     8.481
   2.25784  1.21050 -0.00331  1.16274  0.334894  0.042938  0.000000     7.799
   2.30052  1.25313 -0.00148  1.15270  0.329936  0.046601  0.000000     7.080
   2.35057  1.30310  0.00130  1.14067  0.323109  0.051057  0.000000     6.328
   2.40926  1.36166  0.00532  1.12612  0.313835  0.056533  0.000000     5.551
   2.47809  1.43026  0.01091  1.10824  0.301402  0.063392  0.000000     4.755
   2.55880  1.51061  0.01848  1.08535  0.285025  0.072371  0.000000     3.938
   2.65345  1.60472  0.02855  1.05594  0.263689  0.084250  0.000000     3.130
   2.76445  1.71494  0.04172  1.03376  0.234390  0.093332  0.000000     2.511
   2.89461  1.84399  0.05872  1.02506  0.195415  0.096758  0.000000     2.020
   3.04725  1.99508  0.08041  1.11242  0.102757  0.071316  0.000000     1.441
