NACA 4412                                       
 Alfa =   3.80000 Re =    20000.000 Xflap,Yflap =     0.000000    0.000000
#    x        y        Cp  
   1.00000  0.00126 -0.28651
   0.99392  0.00292 -0.28659
   0.98333  0.00577 -0.28671
   0.97098  0.00904 -0.28683
   0.95718  0.01262 -0.28696
   0.94237  0.01638 -0.28708
   0.92696  0.02021 -0.28719
   0.91123  0.02403 -0.28731
   0.89533  0.02780 -0.28742
   0.87933  0.03149 -0.28752
   0.86327  0.03511 -0.28763
   0.84718  0.03864 -0.28775
   0.83106  0.04208 -0.28786
   0.81492  0.04544 -0.28799
   0.79875  0.04870 -0.28812
   0.78258  0.05188 -0.28827
   0.76638  0.05496 -0.28844
   0.75017  0.05796 -0.28862
   0.73395  0.06086 -0.28884
   0.71772  0.06368 -0.28908
   0.70148  0.06640 -0.28936
   0.68523  0.06902 -0.28969
   0.66898  0.07155 -0.29008
   0.65272  0.07398 -0.29054
   0.63645  0.07632 -0.29108
   0.62019  0.07855 -0.29172
   0.60392  0.08069 -0.29249
   0.58766  0.08272 -0.29342
   0.57140  0.08465 -0.29453
   0.55514  0.08647 -0.29586
   0.53889  0.08818 -0.29748
   0.52265  0.08978 -0.29943
   0.50642  0.09127 -0.30181
   0.49021  0.09264 -0.30470
   0.47402  0.09390 -0.30822
   0.45785  0.09503 -0.31254
   0.44172  0.09603 -0.31783
   0.42564  0.09690 -0.32434
   0.40965  0.09765 -0.33237
   0.39382  0.09824 -0.34218
   0.37817  0.09865 -0.35408
   0.36263  0.09885 -0.36807
   0.34716  0.09884 -0.38413
   0.33174  0.09863 -0.40261
   0.31639  0.09821 -0.42322
   0.30109  0.09757 -0.44517
   0.28586  0.09672 -0.46744
   0.27069  0.09564 -0.48905
   0.25561  0.09433 -0.50907
   0.24061  0.09280 -0.52696
   0.22571  0.09103 -0.54216
   0.21092  0.08902 -0.55434
   0.19626  0.08678 -0.56336
   0.18175  0.08429 -0.56897
   0.16741  0.08155 -0.57108
   0.15327  0.07856 -0.56945
   0.13937  0.07533 -0.56401
   0.12576  0.07185 -0.55462
   0.11254  0.06815 -0.54088
   0.09978  0.06426 -0.52275
   0.08762  0.06020 -0.49978
   0.07622  0.05606 -0.47231
   0.06572  0.05190 -0.43999
   0.05625  0.04782 -0.40326
   0.04786  0.04389 -0.36256
   0.04055  0.04017 -0.31778
   0.03423  0.03668 -0.26949
   0.02879  0.03343 -0.21754
   0.02411  0.03040 -0.16180
   0.02008  0.02756 -0.10157
   0.01660  0.02489 -0.03665
   0.01357  0.02236  0.03494
   0.01095  0.01995  0.11177
   0.00867  0.01764  0.19684
   0.00671  0.01541  0.28940
   0.00502  0.01324  0.38960
   0.00360  0.01113  0.49669
   0.00242  0.00906  0.60831
   0.00148  0.00703  0.72075
   0.00077  0.00504  0.82659
   0.00029  0.00309  0.91577
   0.00004  0.00120  0.97658
   0.00001 -0.00064  0.99992
   0.00020 -0.00249  0.97917
   0.00065 -0.00436  0.90639
   0.00137 -0.00623  0.78662
   0.00239 -0.00805  0.63654
   0.00369 -0.00980  0.47586
   0.00527 -0.01148  0.32673
   0.00712 -0.01307  0.19627
   0.00925 -0.01459  0.08789
   0.01167 -0.01603  0.00055
   0.01438 -0.01741 -0.06837
   0.01744 -0.01873 -0.12128
   0.02087 -0.02000 -0.16120
   0.02476 -0.02123 -0.19120
   0.02916 -0.02242 -0.21241
   0.03419 -0.02357 -0.22672
   0.03998 -0.02467 -0.23486
   0.04667 -0.02572 -0.23800
   0.05445 -0.02670 -0.23617
   0.06345 -0.02758 -0.23061
   0.07377 -0.02833 -0.22148
   0.08543 -0.02891 -0.20987
   0.09832 -0.02929 -0.19644
   0.11223 -0.02947 -0.18203
   0.12696 -0.02945 -0.16739
   0.14228 -0.02924 -0.15285
   0.15806 -0.02887 -0.13893
   0.17418 -0.02837 -0.12562
   0.19056 -0.02776 -0.11314
   0.20714 -0.02707 -0.10154
   0.22389 -0.02630 -0.09074
   0.24078 -0.02549 -0.08082
   0.25777 -0.02465 -0.07179
   0.27484 -0.02379 -0.06360
   0.29194 -0.02292 -0.05634
   0.30901 -0.02207 -0.04996
   0.32603 -0.02124 -0.04449
   0.34301 -0.02043 -0.03999
   0.35994 -0.01967 -0.03644
   0.37686 -0.01894 -0.03395
   0.39378 -0.01827 -0.03266
   0.41076 -0.01762 -0.03264
   0.42781 -0.01697 -0.03272
   0.44491 -0.01629 -0.03292
   0.46204 -0.01560 -0.03313
   0.47921 -0.01490 -0.03341
   0.49639 -0.01420 -0.03372
   0.51357 -0.01350 -0.03403
   0.53074 -0.01280 -0.03444
   0.54790 -0.01211 -0.03496
   0.56503 -0.01143 -0.03558
   0.58215 -0.01076 -0.03635
   0.59926 -0.01011 -0.03732
   0.61635 -0.00947 -0.03847
   0.63342 -0.00885 -0.03990
   0.65049 -0.00825 -0.04158
   0.66755 -0.00768 -0.04356
   0.68459 -0.00712 -0.04589
   0.70164 -0.00659 -0.04856
   0.71867 -0.00608 -0.05166
   0.73570 -0.00560 -0.05519
   0.75273 -0.00514 -0.05922
   0.76976 -0.00471 -0.06378
   0.78678 -0.00431 -0.06895
   0.80381 -0.00393 -0.07478
   0.82084 -0.00357 -0.08139
   0.83786 -0.00324 -0.08884
   0.85489 -0.00294 -0.09735
   0.87190 -0.00266 -0.10696
   0.88889 -0.00241 -0.11796
   0.90581 -0.00218 -0.13064
   0.92258 -0.00197 -0.14529
   0.93902 -0.00179 -0.16230
   0.95483 -0.00163 -0.18204
   0.96953 -0.00150 -0.20457
   0.98258 -0.00139 -0.23009
   0.99368 -0.00131 -0.25773
   1.00000 -0.00126 -0.28651
