NACA 4412                                       
 Alfa =  17.40000 Re =    20000.000 Xflap,Yflap =     0.000000    0.000000
#    x        y        Cp  
   1.00000  0.00126 -0.53789
   0.99392  0.00292 -0.53948
   0.98333  0.00577 -0.54227
   0.97098  0.00904 -0.54558
   0.95718  0.01262 -0.54934
   0.94237  0.01638 -0.55346
   0.92696  0.02021 -0.55785
   0.91123  0.02403 -0.56245
   0.89533  0.02780 -0.56723
   0.87933  0.03149 -0.57217
   0.86327  0.03511 -0.57729
   0.84718  0.03864 -0.58258
   0.83106  0.04208 -0.58806
   0.81492  0.04544 -0.59373
   0.79875  0.04870 -0.59961
   0.78258  0.05188 -0.60572
   0.76638  0.05496 -0.61207
   0.75017  0.05796 -0.61868
   0.73395  0.06086 -0.62559
   0.71772  0.06368 -0.63280
   0.70148  0.06640 -0.64037
   0.68523  0.06902 -0.64843
   0.66898  0.07155 -0.65696
   0.65272  0.07398 -0.66596
   0.63645  0.07632 -0.67551
   0.62019  0.07855 -0.68567
   0.60392  0.08069 -0.69654
   0.58766  0.08272 -0.70825
   0.57140  0.08465 -0.72094
   0.55514  0.08647 -0.73482
   0.53889  0.08818 -0.75022
   0.52265  0.08978 -0.76744
   0.50642  0.09127 -0.78739
   0.49021  0.09264 -0.81181
   0.47402  0.09390 -0.84653
   0.45785  0.09503 -0.86507
   0.44172  0.09603 -0.86577
   0.42564  0.09690 -0.86647
   0.40965  0.09765 -0.86716
   0.39382  0.09824 -0.86785
   0.37817  0.09865 -0.86855
   0.36263  0.09885 -0.86927
   0.34716  0.09884 -0.87001
   0.33174  0.09863 -0.87079
   0.31639  0.09821 -0.87160
   0.30109  0.09757 -0.87245
   0.28586  0.09672 -0.87336
   0.27069  0.09564 -0.87431
   0.25561  0.09433 -0.87534
   0.24061  0.09280 -0.87644
   0.22571  0.09103 -0.87763
   0.21092  0.08902 -0.87892
   0.19626  0.08678 -0.88034
   0.18175  0.08429 -0.88191
   0.16741  0.08155 -0.88367
   0.15327  0.07856 -0.88567
   0.13937  0.07533 -0.88797
   0.12576  0.07185 -0.89066
   0.11254  0.06815 -0.89386
   0.09978  0.06426 -0.89773
   0.08762  0.06020 -0.90254
   0.07622  0.05606 -0.90861
   0.06572  0.05190 -0.91640
   0.05625  0.04782 -0.92647
   0.04786  0.04389 -0.93957
   0.04055  0.04017 -0.95654
   0.03423  0.03668 -0.97839
   0.02879  0.03343 -1.00638
   0.02411  0.03040 -1.04207
   0.02008  0.02756 -1.08712
   0.01660  0.02489 -1.14231
   0.01357  0.02236 -1.20699
   0.01095  0.01995 -1.28128
   0.00867  0.01764 -1.36219
   0.00671  0.01541 -1.44462
   0.00502  0.01324 -1.52034
   0.00360  0.01113 -1.58128
   0.00242  0.00906 -1.61514
   0.00148  0.00703 -1.61101
   0.00077  0.00504 -1.55451
   0.00029  0.00309 -1.43810
   0.00004  0.00120 -1.25809
   0.00001 -0.00064 -1.02879
   0.00020 -0.00249 -0.73983
   0.00065 -0.00436 -0.40886
   0.00137 -0.00623 -0.06135
   0.00239 -0.00805  0.26505
   0.00369 -0.00980  0.52880
   0.00527 -0.01148  0.72567
   0.00712 -0.01307  0.86041
   0.00925 -0.01459  0.94190
   0.01167 -0.01603  0.98526
   0.01438 -0.01741  0.99968
   0.01744 -0.01873  0.99493
   0.02087 -0.02000  0.97600
   0.02476 -0.02123  0.94824
   0.02916 -0.02242  0.91411
   0.03419 -0.02357  0.87543
   0.03998 -0.02467  0.83399
   0.04667 -0.02572  0.79083
   0.05445 -0.02670  0.74663
   0.06345 -0.02758  0.70301
   0.07377 -0.02833  0.66027
   0.08543 -0.02891  0.61987
   0.09832 -0.02929  0.58261
   0.11223 -0.02947  0.54906
   0.12696 -0.02945  0.51907
   0.14228 -0.02924  0.49268
   0.15806 -0.02887  0.46931
   0.17418 -0.02837  0.44864
   0.19056 -0.02776  0.43010
   0.20714 -0.02707  0.41342
   0.22389 -0.02630  0.39825
   0.24078 -0.02549  0.38419
   0.25777 -0.02465  0.37108
   0.27484 -0.02379  0.35873
   0.29194 -0.02292  0.34676
   0.30901 -0.02207  0.33530
   0.32603 -0.02124  0.32403
   0.34301 -0.02043  0.31268
   0.35994 -0.01967  0.30114
   0.37686 -0.01894  0.28914
   0.39378 -0.01827  0.27630
   0.41076 -0.01762  0.26231
   0.42781 -0.01697  0.24871
   0.44491 -0.01629  0.23564
   0.46204 -0.01560  0.22305
   0.47921 -0.01490  0.21096
   0.49639 -0.01420  0.19917
   0.51357 -0.01350  0.18765
   0.53074 -0.01280  0.17643
   0.54790 -0.01211  0.16519
   0.56503 -0.01143  0.15404
   0.58215 -0.01076  0.14286
   0.59926 -0.01011  0.13149
   0.61635 -0.00947  0.12004
   0.63342 -0.00885  0.10823
   0.65049 -0.00825  0.09620
   0.66755 -0.00768  0.08376
   0.68459 -0.00712  0.07082
   0.70164 -0.00659  0.05746
   0.71867 -0.00608  0.04345
   0.73570 -0.00560  0.02884
   0.75273 -0.00514  0.01346
   0.76976 -0.00471 -0.00276
   0.78678 -0.00431 -0.01994
   0.80381 -0.00393 -0.03821
   0.82084 -0.00357 -0.05779
   0.83786 -0.00324 -0.07880
   0.85489 -0.00294 -0.10160
   0.87190 -0.00266 -0.12644
   0.88889 -0.00241 -0.15363
   0.90581 -0.00218 -0.18400
   0.92258 -0.00197 -0.21788
   0.93902 -0.00179 -0.25619
   0.95483 -0.00163 -0.29976
   0.96953 -0.00150 -0.34872
   0.98258 -0.00139 -0.40472
   0.99368 -0.00131 -0.46700
   1.00000 -0.00126 -0.53789
