NACA 4412                                       
 Alfa =  13.90000 Re =    20000.000 Xflap,Yflap =     0.000000    0.000000
#    x        y        Cp  
   1.00000  0.00126 -0.43569
   0.99392  0.00292 -0.43780
   0.98333  0.00577 -0.44155
   0.97098  0.00904 -0.44602
   0.95718  0.01262 -0.45115
   0.94237  0.01638 -0.45683
   0.92696  0.02021 -0.46296
   0.91123  0.02403 -0.46946
   0.89533  0.02780 -0.47630
   0.87933  0.03149 -0.48349
   0.86327  0.03511 -0.49107
   0.84718  0.03864 -0.49918
   0.83106  0.04208 -0.50774
   0.81492  0.04544 -0.51681
   0.79875  0.04870 -0.52646
   0.78258  0.05188 -0.53679
   0.76638  0.05496 -0.54790
   0.75017  0.05796 -0.55996
   0.73395  0.06086 -0.57318
   0.71772  0.06368 -0.58789
   0.70148  0.06640 -0.60447
   0.68523  0.06902 -0.62395
   0.66898  0.07155 -0.64862
   0.65272  0.07398 -0.68256
   0.63645  0.07632 -0.68300
   0.62019  0.07855 -0.68343
   0.60392  0.08069 -0.68386
   0.58766  0.08272 -0.68429
   0.57140  0.08465 -0.68471
   0.55514  0.08647 -0.68512
   0.53889  0.08818 -0.68554
   0.52265  0.08978 -0.68594
   0.50642  0.09127 -0.68635
   0.49021  0.09264 -0.68674
   0.47402  0.09390 -0.68713
   0.45785  0.09503 -0.68751
   0.44172  0.09603 -0.68789
   0.42564  0.09690 -0.68825
   0.40965  0.09765 -0.68859
   0.39382  0.09824 -0.68892
   0.37817  0.09865 -0.68925
   0.36263  0.09885 -0.68959
   0.34716  0.09884 -0.68996
   0.33174  0.09863 -0.69037
   0.31639  0.09821 -0.69081
   0.30109  0.09757 -0.69131
   0.28586  0.09672 -0.69189
   0.27069  0.09564 -0.69256
   0.25561  0.09433 -0.69336
   0.24061  0.09280 -0.69433
   0.22571  0.09103 -0.69550
   0.21092  0.08902 -0.69697
   0.19626  0.08678 -0.69881
   0.18175  0.08429 -0.70117
   0.16741  0.08155 -0.70423
   0.15327  0.07856 -0.70827
   0.13937  0.07533 -0.71367
   0.12576  0.07185 -0.72099
   0.11254  0.06815 -0.73098
   0.09978  0.06426 -0.74467
   0.08762  0.06020 -0.76343
   0.07622  0.05606 -0.78889
   0.06572  0.05190 -0.82278
   0.05625  0.04782 -0.86607
   0.04786  0.04389 -0.91783
   0.04055  0.04017 -0.97643
   0.03423  0.03668 -1.03996
   0.02879  0.03343 -1.10565
   0.02411  0.03040 -1.17110
   0.02008  0.02756 -1.23418
   0.01660  0.02489 -1.29337
   0.01357  0.02236 -1.34726
   0.01095  0.01995 -1.39399
   0.00867  0.01764 -1.43086
   0.00671  0.01541 -1.45528
   0.00502  0.01324 -1.46148
   0.00360  0.01113 -1.44534
   0.00242  0.00906 -1.39730
   0.00148  0.00703 -1.31194
   0.00077  0.00504 -1.17867
   0.00029  0.00309 -0.99625
   0.00004  0.00120 -0.77008
   0.00001 -0.00064 -0.51394
   0.00020 -0.00249 -0.22520
   0.00065 -0.00436  0.08110
   0.00137 -0.00623  0.37160
   0.00239 -0.00805  0.61859
   0.00369 -0.00980  0.79997
   0.00527 -0.01148  0.91628
   0.00712 -0.01307  0.97855
   0.00925 -0.01459  0.99939
   0.01167 -0.01603  0.99320
   0.01438 -0.01741  0.96797
   0.01744 -0.01873  0.93263
   0.02087 -0.02000  0.89024
   0.02476 -0.02123  0.84423
   0.02916 -0.02242  0.79620
   0.03419 -0.02357  0.74816
   0.03998 -0.02467  0.70007
   0.04667 -0.02572  0.65296
   0.05445 -0.02670  0.60722
   0.06345 -0.02758  0.56402
   0.07377 -0.02833  0.52352
   0.08543 -0.02891  0.48650
   0.09832 -0.02929  0.45352
   0.11223 -0.02947  0.42473
   0.12696 -0.02945  0.39991
   0.14228 -0.02924  0.37867
   0.15806 -0.02887  0.36019
   0.17418 -0.02837  0.34451
   0.19056 -0.02776  0.33060
   0.20714 -0.02707  0.31832
   0.22389 -0.02630  0.30730
   0.24078 -0.02549  0.29726
   0.25777 -0.02465  0.28795
   0.27484 -0.02379  0.27918
   0.29194 -0.02292  0.27067
   0.30901 -0.02207  0.26243
   0.32603 -0.02124  0.25418
   0.34301 -0.02043  0.24582
   0.35994 -0.01967  0.23708
   0.37686 -0.01894  0.22785
   0.39378 -0.01827  0.21770
   0.41076 -0.01762  0.20633
   0.42781 -0.01697  0.19535
   0.44491 -0.01629  0.18486
   0.46204 -0.01560  0.17481
   0.47921 -0.01490  0.16519
   0.49639 -0.01420  0.15589
   0.51357 -0.01350  0.14690
   0.53074 -0.01280  0.13807
   0.54790 -0.01211  0.12935
   0.56503 -0.01143  0.12064
   0.58215 -0.01076  0.11198
   0.59926 -0.01011  0.10315
   0.61635 -0.00947  0.09421
   0.63342 -0.00885  0.08501
   0.65049 -0.00825  0.07560
   0.66755 -0.00768  0.06582
   0.68459 -0.00712  0.05567
   0.70164 -0.00659  0.04513
   0.71867 -0.00608  0.03399
   0.73570 -0.00560  0.02238
   0.75273 -0.00514  0.01006
   0.76976 -0.00471 -0.00291
   0.78678 -0.00431 -0.01675
   0.80381 -0.00393 -0.03146
   0.82084 -0.00357 -0.04735
   0.83786 -0.00324 -0.06439
   0.85489 -0.00294 -0.08299
   0.87190 -0.00266 -0.10324
   0.88889 -0.00241 -0.12548
   0.90581 -0.00218 -0.15034
   0.92258 -0.00197 -0.17811
   0.93902 -0.00179 -0.20954
   0.95483 -0.00163 -0.24523
   0.96953 -0.00150 -0.28525
   0.98258 -0.00139 -0.33065
   0.99368 -0.00131 -0.38050
   1.00000 -0.00126 -0.43569
