NACA 4412                                       
 Alfa =   3.70000 Re =    20000.000 Xflap,Yflap =     0.000000    0.000000
#    x        y        Cp  
   1.00000  0.00126 -0.28368
   0.99392  0.00292 -0.28375
   0.98333  0.00577 -0.28387
   0.97098  0.00904 -0.28400
   0.95718  0.01262 -0.28412
   0.94237  0.01638 -0.28424
   0.92696  0.02021 -0.28436
   0.91123  0.02403 -0.28447
   0.89533  0.02780 -0.28458
   0.87933  0.03149 -0.28470
   0.86327  0.03511 -0.28481
   0.84718  0.03864 -0.28492
   0.83106  0.04208 -0.28504
   0.81492  0.04544 -0.28517
   0.79875  0.04870 -0.28532
   0.78258  0.05188 -0.28547
   0.76638  0.05496 -0.28564
   0.75017  0.05796 -0.28584
   0.73395  0.06086 -0.28606
   0.71772  0.06368 -0.28632
   0.70148  0.06640 -0.28662
   0.68523  0.06902 -0.28696
   0.66898  0.07155 -0.28737
   0.65272  0.07398 -0.28786
   0.63645  0.07632 -0.28843
   0.62019  0.07855 -0.28911
   0.60392  0.08069 -0.28992
   0.58766  0.08272 -0.29089
   0.57140  0.08465 -0.29206
   0.55514  0.08647 -0.29346
   0.53889  0.08818 -0.29516
   0.52265  0.08978 -0.29721
   0.50642  0.09127 -0.29970
   0.49021  0.09264 -0.30273
   0.47402  0.09390 -0.30641
   0.45785  0.09503 -0.31092
   0.44172  0.09603 -0.31644
   0.42564  0.09690 -0.32323
   0.40965  0.09765 -0.33158
   0.39382  0.09824 -0.34175
   0.37817  0.09865 -0.35402
   0.36263  0.09885 -0.36830
   0.34716  0.09884 -0.38472
   0.33174  0.09863 -0.40352
   0.31639  0.09821 -0.42431
   0.30109  0.09757 -0.44627
   0.28586  0.09672 -0.46833
   0.27069  0.09564 -0.48957
   0.25561  0.09433 -0.50910
   0.24061  0.09280 -0.52642
   0.22571  0.09103 -0.54100
   0.21092  0.08902 -0.55255
   0.19626  0.08678 -0.56095
   0.18175  0.08429 -0.56580
   0.16741  0.08155 -0.56737
   0.15327  0.07856 -0.56501
   0.13937  0.07533 -0.55893
   0.12576  0.07185 -0.54880
   0.11254  0.06815 -0.53430
   0.09978  0.06426 -0.51544
   0.08762  0.06020 -0.49179
   0.07622  0.05606 -0.46351
   0.06572  0.05190 -0.43045
   0.05625  0.04782 -0.39289
   0.04786  0.04389 -0.35127
   0.04055  0.04017 -0.30588
   0.03423  0.03668 -0.25670
   0.02879  0.03343 -0.20397
   0.02411  0.03040 -0.14752
   0.02008  0.02756 -0.08644
   0.01660  0.02489 -0.02071
   0.01357  0.02236  0.05110
   0.01095  0.01995  0.12835
   0.00867  0.01764  0.21339
   0.00671  0.01541  0.30596
   0.00502  0.01324  0.40648
   0.00360  0.01113  0.51294
   0.00242  0.00906  0.62326
   0.00148  0.00703  0.73447
   0.00077  0.00504  0.83813
   0.00029  0.00309  0.92338
   0.00004  0.00120  0.98099
   0.00001 -0.00064  0.99997
   0.00020 -0.00249  0.97461
   0.00065 -0.00436  0.89660
   0.00137 -0.00623  0.77269
   0.00239 -0.00805  0.61837
   0.00369 -0.00980  0.45623
   0.00527 -0.01148  0.30571
   0.00712 -0.01307  0.17442
   0.00925 -0.01459  0.06626
   0.01167 -0.01603 -0.02067
   0.01438 -0.01741 -0.08840
   0.01744 -0.01873 -0.14012
   0.02087 -0.02000 -0.17923
   0.02476 -0.02123 -0.20830
   0.02916 -0.02242 -0.22857
   0.03419 -0.02357 -0.24140
   0.03998 -0.02467 -0.24866
   0.04667 -0.02572 -0.25053
   0.05445 -0.02670 -0.24804
   0.06345 -0.02758 -0.24130
   0.07377 -0.02833 -0.23138
   0.08543 -0.02891 -0.21894
   0.09832 -0.02929 -0.20475
   0.11223 -0.02947 -0.18967
   0.12696 -0.02945 -0.17441
   0.14228 -0.02924 -0.15933
   0.15806 -0.02887 -0.14496
   0.17418 -0.02837 -0.13123
   0.19056 -0.02776 -0.11840
   0.20714 -0.02707 -0.10648
   0.22389 -0.02630 -0.09540
   0.24078 -0.02549 -0.08523
   0.25777 -0.02465 -0.07594
   0.27484 -0.02379 -0.06755
   0.29194 -0.02292 -0.06009
   0.30901 -0.02207 -0.05350
   0.32603 -0.02124 -0.04787
   0.34301 -0.02043 -0.04317
   0.35994 -0.01967 -0.03947
   0.37686 -0.01894 -0.03681
   0.39378 -0.01827 -0.03536
   0.41076 -0.01762 -0.03518
   0.42781 -0.01697 -0.03512
   0.44491 -0.01629 -0.03516
   0.46204 -0.01560 -0.03525
   0.47921 -0.01490 -0.03540
   0.49639 -0.01420 -0.03558
   0.51357 -0.01350 -0.03578
   0.53074 -0.01280 -0.03609
   0.54790 -0.01211 -0.03649
   0.56503 -0.01143 -0.03702
   0.58215 -0.01076 -0.03769
   0.59926 -0.01011 -0.03856
   0.61635 -0.00947 -0.03962
   0.63342 -0.00885 -0.04095
   0.65049 -0.00825 -0.04254
   0.66755 -0.00768 -0.04443
   0.68459 -0.00712 -0.04666
   0.70164 -0.00659 -0.04923
   0.71867 -0.00608 -0.05224
   0.73570 -0.00560 -0.05567
   0.75273 -0.00514 -0.05960
   0.76976 -0.00471 -0.06404
   0.78678 -0.00431 -0.06910
   0.80381 -0.00393 -0.07482
   0.82084 -0.00357 -0.08131
   0.83786 -0.00324 -0.08863
   0.85489 -0.00294 -0.09701
   0.87190 -0.00266 -0.10647
   0.88889 -0.00241 -0.11732
   0.90581 -0.00218 -0.12982
   0.92258 -0.00197 -0.14428
   0.93902 -0.00179 -0.16108
   0.95483 -0.00163 -0.18057
   0.96953 -0.00150 -0.20282
   0.98258 -0.00139 -0.22802
   0.99368 -0.00131 -0.25529
   1.00000 -0.00126 -0.28368
