NACA 4412                                       
 Alfa =   3.10000 Re =    20000.000 Xflap,Yflap =     0.000000    0.000000
#    x        y        Cp  
   1.00000  0.00126 -0.26636
   0.99392  0.00292 -0.26644
   0.98333  0.00577 -0.26656
   0.97098  0.00904 -0.26669
   0.95718  0.01262 -0.26681
   0.94237  0.01638 -0.26694
   0.92696  0.02021 -0.26707
   0.91123  0.02403 -0.26719
   0.89533  0.02780 -0.26732
   0.87933  0.03149 -0.26744
   0.86327  0.03511 -0.26758
   0.84718  0.03864 -0.26772
   0.83106  0.04208 -0.26787
   0.81492  0.04544 -0.26803
   0.79875  0.04870 -0.26821
   0.78258  0.05188 -0.26842
   0.76638  0.05496 -0.26865
   0.75017  0.05796 -0.26891
   0.73395  0.06086 -0.26921
   0.71772  0.06368 -0.26956
   0.70148  0.06640 -0.26997
   0.68523  0.06902 -0.27044
   0.66898  0.07155 -0.27100
   0.65272  0.07398 -0.27166
   0.63645  0.07632 -0.27244
   0.62019  0.07855 -0.27337
   0.60392  0.08069 -0.27447
   0.58766  0.08272 -0.27579
   0.57140  0.08465 -0.27736
   0.55514  0.08647 -0.27924
   0.53889  0.08818 -0.28150
   0.52265  0.08978 -0.28422
   0.50642  0.09127 -0.28749
   0.49021  0.09264 -0.29145
   0.47402  0.09390 -0.29623
   0.45785  0.09503 -0.30204
   0.44172  0.09603 -0.30911
   0.42564  0.09690 -0.31770
   0.40965  0.09765 -0.32807
   0.39382  0.09824 -0.34040
   0.37817  0.09865 -0.35452
   0.36263  0.09885 -0.37071
   0.34716  0.09884 -0.38913
   0.33174  0.09863 -0.40932
   0.31639  0.09821 -0.43048
   0.30109  0.09757 -0.45165
   0.28586  0.09672 -0.47194
   0.27069  0.09564 -0.49057
   0.25561  0.09433 -0.50698
   0.24061  0.09280 -0.52079
   0.22571  0.09103 -0.53172
   0.21092  0.08902 -0.53947
   0.19626  0.08678 -0.54408
   0.18175  0.08429 -0.54514
   0.16741  0.08155 -0.54275
   0.15327  0.07856 -0.53657
   0.13937  0.07533 -0.52664
   0.12576  0.07185 -0.51234
   0.11254  0.06815 -0.49378
   0.09978  0.06426 -0.47071
   0.08762  0.06020 -0.44253
   0.07622  0.05606 -0.40965
   0.06572  0.05190 -0.37196
   0.05625  0.04782 -0.32972
   0.04786  0.04389 -0.28342
   0.04055  0.04017 -0.23322
   0.03423  0.03668 -0.17948
   0.02879  0.03343 -0.12254
   0.02411  0.03040 -0.06210
   0.02008  0.02756  0.00249
   0.01660  0.02489  0.07174
   0.01357  0.02236  0.14631
   0.01095  0.01995  0.22594
   0.00867  0.01764  0.31214
   0.00671  0.01541  0.40445
   0.00502  0.01324  0.50252
   0.00360  0.01113  0.60538
   0.00242  0.00906  0.70886
   0.00148  0.00703  0.80886
   0.00077  0.00504  0.89765
   0.00029  0.00309  0.96374
   0.00004  0.00120  0.99754
   0.00001 -0.00064  0.99046
   0.00020 -0.00249  0.93633
   0.00065 -0.00436  0.82884
   0.00137 -0.00623  0.67821
   0.00239 -0.00805  0.50322
   0.00369 -0.00980  0.32754
   0.00527 -0.01148  0.16980
   0.00712 -0.01307  0.03684
   0.00925 -0.01459 -0.06918
   0.01167 -0.01603 -0.15153
   0.01438 -0.01741 -0.21375
   0.01744 -0.01873 -0.25905
   0.02087 -0.02000 -0.29147
   0.02476 -0.02123 -0.31349
   0.02916 -0.02242 -0.32674
   0.03419 -0.02357 -0.33298
   0.03998 -0.02467 -0.33356
   0.04667 -0.02572 -0.32909
   0.05445 -0.02670 -0.32016
   0.06345 -0.02758 -0.30758
   0.07377 -0.02833 -0.29200
   0.08543 -0.02891 -0.27435
   0.09832 -0.02929 -0.25553
   0.11223 -0.02947 -0.23625
   0.12696 -0.02945 -0.21730
   0.14228 -0.02924 -0.19902
   0.15806 -0.02887 -0.18183
   0.17418 -0.02837 -0.16565
   0.19056 -0.02776 -0.15064
   0.20714 -0.02707 -0.13674
   0.22389 -0.02630 -0.12392
   0.24078 -0.02549 -0.11215
   0.25777 -0.02465 -0.10142
   0.27484 -0.02379 -0.09168
   0.29194 -0.02292 -0.08298
   0.30901 -0.02207 -0.07521
   0.32603 -0.02124 -0.06848
   0.34301 -0.02043 -0.06275
   0.35994 -0.01967 -0.05802
   0.37686 -0.01894 -0.05436
   0.39378 -0.01827 -0.05191
   0.41076 -0.01762 -0.05071
   0.42781 -0.01697 -0.04969
   0.44491 -0.01629 -0.04886
   0.46204 -0.01560 -0.04813
   0.47921 -0.01490 -0.04749
   0.49639 -0.01420 -0.04694
   0.51357 -0.01350 -0.04644
   0.53074 -0.01280 -0.04609
   0.54790 -0.01211 -0.04586
   0.56503 -0.01143 -0.04577
   0.58215 -0.01076 -0.04584
   0.59926 -0.01011 -0.04612
   0.61635 -0.00947 -0.04660
   0.63342 -0.00885 -0.04735
   0.65049 -0.00825 -0.04837
   0.66755 -0.00768 -0.04968
   0.68459 -0.00712 -0.05133
   0.70164 -0.00659 -0.05332
   0.71867 -0.00608 -0.05573
   0.73570 -0.00560 -0.05854
   0.75273 -0.00514 -0.06185
   0.76976 -0.00471 -0.06565
   0.78678 -0.00431 -0.07004
   0.80381 -0.00393 -0.07506
   0.82084 -0.00357 -0.08081
   0.83786 -0.00324 -0.08736
   0.85489 -0.00294 -0.09492
   0.87190 -0.00266 -0.10349
   0.88889 -0.00241 -0.11338
   0.90581 -0.00218 -0.12483
   0.92258 -0.00197 -0.13812
   0.93902 -0.00179 -0.15360
   0.95483 -0.00163 -0.17158
   0.96953 -0.00150 -0.19213
   0.98258 -0.00139 -0.21537
   0.99368 -0.00131 -0.24042
   1.00000 -0.00126 -0.26636
